Temperature (K)	Pressure (bar)	Density (kg/m3)	Volume (m3/kg)	Internal Energy (kJ/kg)	Enthalpy (kJ/kg)	Entropy (J/g*K)	Cv (J/g*K)	Cp (J/g*K)	Sound Spd. (m/s)	Joule-Thomson (K/bar)	Viscosity (uPa*s)	Therm. Cond. (W/m*K)	Phase
93.000	40.000	744.03	0.0013440	-92.741	-87.365	3.1830	1.0146	2.0878	731.62	-0.024499	100.74	0.11918	liquid
93.325	40.000	742.42	0.0013470	-92.074	-86.686	3.1903	1.0132	2.0908	728.33	-0.024130	99.763	0.11857	liquid
93.650	40.000	740.80	0.0013499	-91.406	-86.006	3.1975	1.0119	2.0938	725.04	-0.023755	98.798	0.11795	liquid
93.975	40.000	739.17	0.0013529	-90.736	-85.325	3.2048	1.0105	2.0969	721.75	-0.023372	97.847	0.11734	liquid
94.300	40.000	737.54	0.0013559	-90.066	-84.643	3.2121	1.0092	2.1001	718.44	-0.022982	96.907	0.11673	liquid
94.625	40.000	735.90	0.0013589	-89.395	-83.960	3.2193	1.0078	2.1034	715.13	-0.022585	95.980	0.11612	liquid
94.950	40.000	734.25	0.0013619	-88.723	-83.276	3.2265	1.0065	2.1067	711.81	-0.022180	95.065	0.11551	liquid
95.275	40.000	732.59	0.0013650	-88.051	-82.591	3.2337	1.0052	2.1101	708.47	-0.021767	94.161	0.11490	liquid
95.600	40.000	730.93	0.0013681	-87.377	-81.904	3.2409	1.0039	2.1136	705.14	-0.021346	93.268	0.11429	liquid
95.925	40.000	729.26	0.0013712	-86.702	-81.217	3.2481	1.0026	2.1172	701.79	-0.020917	92.387	0.11368	liquid
96.250	40.000	727.59	0.0013744	-86.026	-80.528	3.2552	1.0013	2.1208	698.43	-0.020479	91.516	0.11307	liquid
96.575	40.000	725.90	0.0013776	-85.349	-79.838	3.2624	1.0001	2.1245	695.06	-0.020033	90.656	0.11247	liquid
96.900	40.000	724.21	0.0013808	-84.670	-79.147	3.2695	0.99881	2.1284	691.69	-0.019579	89.806	0.11186	liquid
97.225	40.000	722.51	0.0013841	-83.991	-78.455	3.2767	0.99756	2.1323	688.30	-0.019115	88.966	0.11126	liquid
97.550	40.000	720.80	0.0013873	-83.310	-77.761	3.2838	0.99633	2.1363	684.90	-0.018642	88.137	0.11065	liquid
97.875	40.000	719.09	0.0013907	-82.629	-77.066	3.2909	0.99511	2.1404	681.50	-0.018159	87.316	0.11005	liquid
98.200	40.000	717.36	0.0013940	-81.946	-76.370	3.2980	0.99390	2.1446	678.08	-0.017667	86.505	0.10945	liquid
98.525	40.000	715.63	0.0013974	-81.262	-75.672	3.3051	0.99270	2.1489	674.65	-0.017165	85.704	0.10884	liquid
98.850	40.000	713.89	0.0014008	-80.576	-74.973	3.3122	0.99152	2.1533	671.22	-0.016652	84.911	0.10824	liquid
99.175	40.000	712.13	0.0014042	-79.889	-74.272	3.3193	0.99034	2.1578	667.77	-0.016129	84.127	0.10764	liquid
99.500	40.000	710.38	0.0014077	-79.201	-73.570	3.3263	0.98918	2.1624	664.31	-0.015595	83.352	0.10704	liquid
99.825	40.000	708.61	0.0014112	-78.512	-72.867	3.3334	0.98804	2.1671	660.84	-0.015050	82.585	0.10644	liquid
100.15	40.000	706.83	0.0014148	-77.821	-72.162	3.3404	0.98690	2.1720	657.35	-0.014494	81.826	0.10585	liquid
100.48	40.000	705.04	0.0014184	-77.128	-71.455	3.3475	0.98578	2.1770	653.86	-0.013926	81.075	0.10525	liquid
100.80	40.000	703.24	0.0014220	-76.435	-70.747	3.3545	0.98467	2.1820	650.35	-0.013345	80.332	0.10465	liquid
101.13	40.000	701.43	0.0014257	-75.739	-70.037	3.3616	0.98357	2.1873	646.83	-0.012753	79.596	0.10406	liquid
101.45	40.000	699.61	0.0014294	-75.042	-69.325	3.3686	0.98249	2.1926	643.30	-0.012148	78.868	0.10346	liquid
101.78	40.000	697.79	0.0014331	-74.344	-68.611	3.3756	0.98142	2.1981	639.76	-0.011529	78.147	0.10286	liquid
102.10	40.000	695.95	0.0014369	-73.644	-67.896	3.3826	0.98036	2.2037	636.20	-0.010897	77.433	0.10227	liquid
102.43	40.000	694.10	0.0014407	-72.942	-67.179	3.3896	0.97932	2.2095	632.63	-0.010251	76.726	0.10167	liquid
102.75	40.000	692.23	0.0014446	-72.238	-66.460	3.3966	0.97829	2.2154	629.04	-0.0095912	76.026	0.10108	liquid
103.08	40.000	690.36	0.0014485	-71.533	-65.739	3.4037	0.97727	2.2214	625.44	-0.0089164	75.332	0.10049	liquid
103.40	40.000	688.48	0.0014525	-70.826	-65.016	3.4107	0.97627	2.2277	621.83	-0.0082264	74.645	0.099895	liquid
103.73	40.000	686.58	0.0014565	-70.117	-64.291	3.4177	0.97528	2.2340	618.20	-0.0075207	73.964	0.099302	liquid
104.05	40.000	684.67	0.0014606	-69.406	-63.564	3.4247	0.97431	2.2406	614.55	-0.0067990	73.289	0.098710	liquid
104.38	40.000	682.75	0.0014647	-68.693	-62.835	3.4317	0.97335	2.2473	610.90	-0.0060606	72.620	0.098118	liquid
104.70	40.000	680.81	0.0014688	-67.978	-62.103	3.4387	0.97241	2.2542	607.22	-0.0053051	71.957	0.097527	liquid
105.03	40.000	678.86	0.0014730	-67.262	-61.369	3.4456	0.97148	2.2613	603.53	-0.0045320	71.299	0.096936	liquid
105.35	40.000	676.90	0.0014773	-66.543	-60.633	3.4526	0.97057	2.2686	599.82	-0.0037406	70.647	0.096346	liquid
105.68	40.000	674.93	0.0014816	-65.821	-59.895	3.4596	0.96968	2.2761	596.10	-0.0029303	70.000	0.095755	liquid
106.00	40.000	672.94	0.0014860	-65.098	-59.154	3.4666	0.96880	2.2838	592.36	-0.0021006	69.358	0.095165	liquid
106.33	40.000	670.93	0.0014905	-64.372	-58.410	3.4737	0.96794	2.2917	588.60	-0.0012507	68.722	0.094575	liquid
106.65	40.000	668.92	0.0014950	-63.644	-57.664	3.4807	0.96709	2.2999	584.82	-0.00038007	68.090	0.093986	liquid
106.98	40.000	666.88	0.0014995	-62.913	-56.915	3.4877	0.96626	2.3082	581.03	0.00051208	67.463	0.093396	liquid
107.30	40.000	664.83	0.0015041	-62.180	-56.164	3.4947	0.96546	2.3169	577.21	0.0014265	66.840	0.092807	liquid
107.63	40.000	662.77	0.0015088	-61.445	-55.409	3.5017	0.96466	2.3257	573.38	0.0023639	66.222	0.092218	liquid
107.95	40.000	660.68	0.0015136	-60.706	-54.652	3.5087	0.96389	2.3349	569.53	0.0033252	65.608	0.091629	liquid
108.28	40.000	658.58	0.0015184	-59.965	-53.892	3.5158	0.96314	2.3443	565.66	0.0043112	64.999	0.091040	liquid
108.60	40.000	656.47	0.0015233	-59.221	-53.128	3.5228	0.96241	2.3539	561.76	0.0053228	64.393	0.090451	liquid
108.93	40.000	654.33	0.0015283	-58.475	-52.362	3.5299	0.96169	2.3639	557.85	0.0063610	63.791	0.089862	liquid
109.25	40.000	652.18	0.0015333	-57.725	-51.592	3.5369	0.96100	2.3742	553.91	0.0074267	63.193	0.089272	liquid
109.58	40.000	650.00	0.0015385	-56.972	-50.818	3.5440	0.96033	2.3848	549.95	0.0085210	62.599	0.088683	liquid
109.90	40.000	647.81	0.0015437	-56.216	-50.041	3.5511	0.95968	2.3958	545.97	0.0096450	62.008	0.088094	liquid
110.23	40.000	645.60	0.0015489	-55.457	-49.261	3.5581	0.95906	2.4071	541.97	0.010800	61.421	0.087504	liquid
110.55	40.000	643.37	0.0015543	-54.694	-48.477	3.5653	0.95846	2.4188	537.94	0.011987	60.837	0.086915	liquid
110.88	40.000	641.11	0.0015598	-53.928	-47.689	3.5724	0.95788	2.4308	533.88	0.013207	60.256	0.086325	liquid
111.20	40.000	638.83	0.0015654	-53.158	-46.897	3.5795	0.95733	2.4433	529.80	0.014462	59.677	0.085734	liquid
111.53	40.000	636.53	0.0015710	-52.385	-46.101	3.5867	0.95680	2.4562	525.70	0.015754	59.102	0.085144	liquid
111.85	40.000	634.21	0.0015768	-51.607	-45.300	3.5938	0.95630	2.4695	521.56	0.017083	58.529	0.084553	liquid
112.18	40.000	631.86	0.0015826	-50.826	-44.495	3.6010	0.95583	2.4833	517.40	0.018451	57.959	0.083961	liquid
112.50	40.000	629.49	0.0015886	-50.040	-43.686	3.6082	0.95539	2.4976	513.22	0.019861	57.391	0.083369	liquid
112.83	40.000	627.09	0.0015947	-49.251	-42.872	3.6154	0.95497	2.5124	509.00	0.021313	56.826	0.082776	liquid
113.15	40.000	624.66	0.0016009	-48.456	-42.053	3.6227	0.95459	2.5277	504.75	0.022810	56.262	0.082183	liquid
113.48	40.000	622.21	0.0016072	-47.657	-41.229	3.6300	0.95425	2.5437	500.47	0.024354	55.701	0.081589	liquid
113.80	40.000	619.72	0.0016136	-46.854	-40.399	3.6373	0.95393	2.5602	496.16	0.025948	55.141	0.080994	liquid
114.13	40.000	617.21	0.0016202	-46.045	-39.565	3.6446	0.95365	2.5774	491.82	0.027592	54.583	0.080399	liquid
114.45	40.000	614.66	0.0016269	-45.232	-38.724	3.6519	0.95341	2.5953	487.44	0.029291	54.027	0.079802	liquid
114.78	40.000	612.09	0.0016338	-44.413	-37.878	3.6593	0.95321	2.6138	483.03	0.031046	53.471	0.079205	liquid
115.10	40.000	609.48	0.0016408	-43.588	-37.025	3.6667	0.95304	2.6332	478.58	0.032861	52.917	0.078606	liquid
115.43	40.000	606.83	0.0016479	-42.758	-36.166	3.6742	0.95292	2.6534	474.09	0.034739	52.364	0.078007	liquid
115.75	40.000	604.15	0.0016552	-41.921	-35.300	3.6817	0.95284	2.6744	469.56	0.036682	51.812	0.077406	liquid
116.08	40.000	601.43	0.0016627	-41.078	-34.427	3.6892	0.95281	2.6964	465.00	0.038695	51.261	0.076803	liquid
116.40	40.000	598.66	0.0016704	-40.229	-33.547	3.6968	0.95282	2.7193	460.39	0.040781	50.709	0.076200	liquid
116.73	40.000	595.86	0.0016782	-39.373	-32.660	3.7044	0.95289	2.7433	455.74	0.042945	50.159	0.075595	liquid
117.05	40.000	593.02	0.0016863	-38.509	-31.764	3.7121	0.95301	2.7685	451.05	0.045191	49.608	0.074988	liquid
117.38	40.000	590.13	0.0016946	-37.638	-30.860	3.7198	0.95318	2.7948	446.30	0.047524	49.057	0.074380	liquid
117.70	40.000	587.19	0.0017030	-36.759	-29.947	3.7275	0.95342	2.8225	441.51	0.049949	48.506	0.073769	liquid
118.03	40.000	584.20	0.0017118	-35.872	-29.025	3.7354	0.95371	2.8516	436.67	0.052472	47.954	0.073157	liquid
118.35	40.000	581.16	0.0017207	-34.976	-28.094	3.7432	0.95407	2.8822	431.78	0.055099	47.401	0.072543	liquid
118.68	40.000	578.06	0.0017299	-34.071	-27.152	3.7512	0.95450	2.9144	426.83	0.057837	46.847	0.071926	liquid
119.00	40.000	574.90	0.0017394	-33.157	-26.199	3.7592	0.95501	2.9485	421.83	0.060694	46.292	0.071308	liquid
119.33	40.000	571.69	0.0017492	-32.232	-25.235	3.7673	0.95559	2.9845	416.76	0.063678	45.735	0.070686	liquid
119.65	40.000	568.40	0.0017593	-31.296	-24.259	3.7755	0.95626	3.0226	411.63	0.066797	45.176	0.070062	liquid
119.98	40.000	565.05	0.0017697	-30.349	-23.270	3.7837	0.95702	3.0631	406.43	0.070063	44.615	0.069436	liquid
120.30	40.000	561.63	0.0017805	-29.390	-22.268	3.7921	0.95787	3.1061	401.17	0.073486	44.051	0.068806	liquid
120.63	40.000	558.13	0.0017917	-28.418	-21.251	3.8005	0.95883	3.1520	395.83	0.077078	43.484	0.068174	liquid
120.95	40.000	554.54	0.0018033	-27.432	-20.218	3.8091	0.95991	3.2010	390.41	0.080853	42.913	0.067538	liquid
121.28	40.000	550.87	0.0018153	-26.431	-19.170	3.8177	0.96110	3.2534	384.91	0.084828	42.339	0.066898	liquid
121.60	40.000	547.10	0.0018278	-25.415	-18.103	3.8265	0.96244	3.3097	379.32	0.089018	41.760	0.066255	liquid
121.93	40.000	543.23	0.0018409	-24.381	-17.018	3.8354	0.96392	3.3704	373.64	0.093445	41.175	0.065609	liquid
122.25	40.000	539.25	0.0018544	-23.330	-15.912	3.8445	0.96556	3.4359	367.85	0.098129	40.585	0.064958	liquid
122.58	40.000	535.14	0.0018687	-22.259	-14.784	3.8537	0.96738	3.5070	361.96	0.10310	39.989	0.064304	liquid
122.90	40.000	530.91	0.0018835	-21.166	-13.632	3.8631	0.96939	3.5843	355.96	0.10838	39.385	0.063645	liquid
123.23	40.000	526.54	0.0018992	-20.050	-12.453	3.8726	0.97163	3.6689	349.83	0.11400	38.773	0.062983	liquid
123.55	40.000	522.01	0.0019157	-18.909	-11.246	3.8824	0.97411	3.7618	343.57	0.12001	38.151	0.062316	liquid
123.88	40.000	517.32	0.0019331	-17.739	-10.007	3.8924	0.97687	3.8643	337.17	0.12645	37.520	0.061645	liquid
124.20	40.000	512.43	0.0019515	-16.539	-8.7331	3.9027	0.97994	3.9782	330.61	0.13338	36.876	0.060970	liquid
124.53	40.000	507.34	0.0019711	-15.304	-7.4199	3.9133	0.98337	4.1055	323.88	0.14085	36.220	0.060292	liquid
124.85	40.000	502.00	0.0019920	-14.031	-6.0628	3.9242	0.98721	4.2489	316.97	0.14894	35.548	0.059612	liquid
125.18	40.000	496.41	0.0020145	-12.714	-4.6560	3.9354	0.99152	4.4117	309.85	0.15774	34.859	0.058929	liquid
125.50	40.000	490.51	0.0020387	-11.347	-3.1926	3.9471	0.99638	4.5983	302.50	0.16736	34.149	0.058247	liquid
125.83	40.000	484.26	0.0020650	-9.9239	-1.6639	3.9593	1.0019	4.8145	294.91	0.17793	33.417	0.057567	liquid
126.15	40.000	477.61	0.0020938	-8.4342	-0.059099	3.9720	1.0082	5.0681	287.04	0.18963	32.657	0.056893	liquid
126.48	40.000	470.48	0.0021255	-6.8664	1.6356	3.9854	1.0154	5.3699	278.86	0.20266	31.865	0.056231	supercritical
126.80	40.000	462.77	0.0021609	-5.2054	3.4382	3.9996	1.0238	5.7349	270.33	0.21729	31.034	0.055588	supercritical
127.13	40.000	454.38	0.0022008	-3.4308	5.3725	4.0149	1.0336	6.1853	261.41	0.23387	30.157	0.054975	supercritical
127.45	40.000	445.12	0.0022466	-1.5151	7.4713	4.0314	1.0453	6.7536	252.06	0.25286	29.223	0.054408	supercritical
127.78	40.000	434.76	0.0023001	0.58000	9.7805	4.0495	1.0593	7.4904	242.22	0.27489	28.217	0.053911	supercritical
128.10	40.000	422.97	0.0023642	2.9099	12.367	4.0697	1.0764	8.4750	231.86	0.30077	27.120	0.053511	supercritical
128.43	40.000	409.28	0.0024433	5.5564	15.330	4.0928	1.0975	9.8346	220.98	0.33165	25.906	0.053244	supercritical
128.75	40.000	392.97	0.0025447	8.6415	18.820	4.1199	1.1236	11.760	209.71	0.36900	24.542	0.053137	supercritical
129.08	40.000	373.13	0.0026800	12.337	23.057	4.1528	1.1550	14.445	198.50	0.41437	22.992	0.053154	supercritical
129.40	40.000	349.05	0.0028649	16.807	28.267	4.1931	1.1873	17.601	188.59	0.46803	21.263	0.052992	supercritical
129.73	40.000	321.97	0.0031059	21.926	34.349	4.2400	1.2075	19.364	181.99	0.52563	19.506	0.051793	supercritical
130.05	40.000	296.25	0.0033755	26.997	40.500	4.2874	1.2048	18.027	179.45	0.57828	18.006	0.049036	supercritical
130.38	40.000	275.22	0.0036334	31.375	45.908	4.3289	1.1864	15.203	179.45	0.62056	16.898	0.045635	supercritical
130.70	40.000	258.90	0.0038626	34.963	50.413	4.3634	1.1635	12.616	180.45	0.65295	16.106	0.042503	supercritical
131.03	40.000	246.08	0.0040638	37.921	54.176	4.3922	1.1409	10.638	181.75	0.67774	15.528	0.039881	supercritical
131.35	40.000	235.73	0.0042421	40.414	57.383	4.4166	1.1201	9.1701	183.13	0.69697	15.088	0.037725	supercritical
131.68	40.000	227.14	0.0044025	42.566	60.176	4.4379	1.1014	8.0666	184.49	0.71212	14.742	0.035941	supercritical
132.00	40.000	219.85	0.0045485	44.459	62.654	4.4567	1.0845	7.2172	185.82	0.72418	14.462	0.034445	supercritical
132.33	40.000	213.54	0.0046830	46.154	64.886	4.4736	1.0693	6.5477	187.11	0.73387	14.230	0.033173	supercritical
132.65	40.000	207.98	0.0048082	47.691	66.924	4.4889	1.0555	6.0084	188.34	0.74168	14.034	0.032077	supercritical
132.98	40.000	203.03	0.0049254	49.100	68.802	4.5031	1.0429	5.5656	189.53	0.74800	13.866	0.031122	supercritical
133.30	40.000	198.57	0.0050361	50.405	70.549	4.5162	1.0315	5.1959	190.67	0.75309	13.720	0.030282	supercritical
133.63	40.000	194.51	0.0051411	51.621	72.186	4.5285	1.0210	4.8828	191.78	0.75716	13.593	0.029536	supercritical
133.95	40.000	190.80	0.0052412	52.763	73.728	4.5400	1.0114	4.6143	192.85	0.76040	13.480	0.028870	supercritical
134.28	40.000	187.37	0.0053369	53.841	75.189	4.5509	1.0025	4.3816	193.88	0.76291	13.379	0.028270	supercritical
134.60	40.000	184.20	0.0054290	54.863	76.579	4.5612	0.99423	4.1780	194.88	0.76482	13.289	0.027727	supercritical
134.93	40.000	181.24	0.0055176	55.837	77.907	4.5711	0.98655	3.9983	195.86	0.76620	13.208	0.027233	supercritical
135.25	40.000	178.47	0.0056032	56.767	79.180	4.5805	0.97939	3.8385	196.81	0.76713	13.134	0.026782	supercritical
135.58	40.000	175.87	0.0056861	57.659	80.404	4.5895	0.97269	3.6955	197.73	0.76766	13.068	0.026368	supercritical
135.90	40.000	173.41	0.0057666	58.517	81.584	4.5982	0.96641	3.5667	198.64	0.76786	13.007	0.025987	supercritical
136.23	40.000	171.09	0.0058448	59.344	82.724	4.6066	0.96050	3.4501	199.52	0.76775	12.951	0.025635	supercritical
136.55	40.000	168.89	0.0059209	60.144	83.827	4.6147	0.95493	3.3440	200.38	0.76738	12.900	0.025309	supercritical
136.88	40.000	166.80	0.0059952	60.917	84.898	4.6225	0.94968	3.2471	201.22	0.76677	12.854	0.025007	supercritical
137.20	40.000	164.81	0.0060677	61.668	85.939	4.6301	0.94471	3.1581	202.05	0.76596	12.811	0.024725	supercritical
137.52	40.000	162.90	0.0061385	62.397	86.952	4.6375	0.93999	3.0762	202.86	0.76496	12.771	0.024462	supercritical
137.85	40.000	161.08	0.0062079	63.107	87.939	4.6447	0.93551	3.0005	203.66	0.76379	12.735	0.024217	supercritical
138.17	40.000	159.34	0.0062759	63.799	88.903	4.6517	0.93125	2.9303	204.44	0.76248	12.701	0.023987	supercritical
138.50	40.000	157.66	0.0063426	64.474	89.844	4.6585	0.92719	2.8650	205.21	0.76104	12.670	0.023772	supercritical
138.82	40.000	156.05	0.0064080	65.133	90.765	4.6651	0.92332	2.8042	205.97	0.75948	12.641	0.023569	supercritical
139.15	40.000	154.50	0.0064723	65.778	91.667	4.6716	0.91962	2.7473	206.71	0.75782	12.614	0.023379	supercritical
139.47	40.000	153.01	0.0065355	66.409	92.551	4.6780	0.91608	2.6940	207.45	0.75606	12.589	0.023200	supercritical
139.80	40.000	151.57	0.0065977	67.028	93.419	4.6842	0.91268	2.6440	208.17	0.75422	12.567	0.023031	supercritical
140.12	40.000	150.17	0.0066590	67.635	94.270	4.6902	0.90943	2.5969	208.88	0.75230	12.546	0.022872	supercritical
140.45	40.000	148.83	0.0067193	68.230	95.107	4.6962	0.90630	2.5525	209.58	0.75032	12.526	0.022722	supercritical
140.77	40.000	147.52	0.0067787	68.815	95.930	4.7021	0.90329	2.5106	210.28	0.74827	12.508	0.022580	supercritical
141.10	40.000	146.26	0.0068373	69.390	96.739	4.7078	0.90040	2.4710	210.96	0.74617	12.491	0.022445	supercritical
141.42	40.000	145.03	0.0068952	69.956	97.536	4.7134	0.89761	2.4334	211.64	0.74402	12.476	0.022318	supercritical
141.75	40.000	143.84	0.0069522	70.512	98.321	4.7190	0.89493	2.3978	212.30	0.74183	12.462	0.022197	supercritical
142.07	40.000	142.68	0.0070086	71.060	99.095	4.7244	0.89233	2.3639	212.96	0.73960	12.449	0.022083	supercritical
142.40	40.000	141.56	0.0070643	71.601	99.858	4.7298	0.88983	2.3316	213.62	0.73733	12.437	0.021974	supercritical
142.72	40.000	140.46	0.0071193	72.133	100.61	4.7351	0.88740	2.3009	214.26	0.73503	12.426	0.021871	supercritical
143.05	40.000	139.40	0.0071738	72.659	101.35	4.7403	0.88506	2.2716	214.90	0.73270	12.416	0.021773	supercritical
143.37	40.000	138.36	0.0072276	73.177	102.09	4.7454	0.88279	2.2436	215.53	0.73035	12.407	0.021680	supercritical
143.70	40.000	137.35	0.0072808	73.689	102.81	4.7505	0.88059	2.2168	216.15	0.72798	12.399	0.021592	supercritical
144.02	40.000	136.36	0.0073335	74.194	103.53	4.7554	0.87846	2.1912	216.77	0.72558	12.391	0.021508	supercritical
144.35	40.000	135.40	0.0073857	74.694	104.24	4.7603	0.87639	2.1666	217.38	0.72317	12.384	0.021429	supercritical
144.67	40.000	134.46	0.0074373	75.187	104.94	4.7652	0.87439	2.1431	217.99	0.72075	12.379	0.021353	supercritical
145.00	40.000	133.54	0.0074885	75.676	105.63	4.7700	0.87244	2.1205	218.59	0.71832	12.373	0.021280	supercritical
145.32	40.000	132.64	0.0075392	76.158	106.32	4.7747	0.87054	2.0987	219.18	0.71587	12.369	0.021212	supercritical
145.65	40.000	131.76	0.0075894	76.636	106.99	4.7794	0.86870	2.0778	219.77	0.71341	12.365	0.021146	supercritical
145.97	40.000	130.90	0.0076392	77.109	107.67	4.7840	0.86691	2.0577	220.36	0.71095	12.361	0.021084	supercritical
146.30	40.000	130.06	0.0076886	77.577	108.33	4.7885	0.86516	2.0384	220.93	0.70848	12.359	0.021025	supercritical
146.62	40.000	129.24	0.0077375	78.041	108.99	4.7930	0.86346	2.0197	221.51	0.70601	12.356	0.020969	supercritical
146.95	40.000	128.43	0.0077861	78.500	109.64	4.7975	0.86181	2.0017	222.08	0.70354	12.355	0.020915	supercritical
147.27	40.000	127.64	0.0078343	78.955	110.29	4.8019	0.86019	1.9843	222.64	0.70106	12.354	0.020864	supercritical
147.60	40.000	126.87	0.0078821	79.406	110.93	4.8062	0.85862	1.9675	223.20	0.69858	12.353	0.020815	supercritical
147.92	40.000	126.11	0.0079295	79.853	111.57	4.8106	0.85708	1.9513	223.76	0.69610	12.352	0.020769	supercritical
148.25	40.000	125.37	0.0079766	80.296	112.20	4.8148	0.85558	1.9356	224.31	0.69362	12.353	0.020725	supercritical
148.57	40.000	124.64	0.0080234	80.736	112.83	4.8190	0.85412	1.9204	224.85	0.69115	12.353	0.020683	supercritical
148.90	40.000	123.92	0.0080698	81.172	113.45	4.8232	0.85269	1.9057	225.40	0.68867	12.354	0.020644	supercritical
149.22	40.000	123.22	0.0081159	81.604	114.07	4.8274	0.85129	1.8914	225.93	0.68620	12.356	0.020606	supercritical
149.55	40.000	122.52	0.0081617	82.034	114.68	4.8315	0.84993	1.8776	226.47	0.68374	12.357	0.020570	supercritical
149.87	40.000	121.84	0.0082072	82.460	115.29	4.8355	0.84859	1.8642	227.00	0.68127	12.359	0.020536	supercritical
150.20	40.000	121.18	0.0082523	82.883	115.89	4.8395	0.84729	1.8513	227.53	0.67882	12.362	0.020503	supercritical
150.52	40.000	120.52	0.0082973	83.303	116.49	4.8435	0.84601	1.8386	228.05	0.67636	12.365	0.020473	supercritical
150.85	40.000	119.88	0.0083419	83.720	117.09	4.8475	0.84476	1.8264	228.57	0.67392	12.368	0.020444	supercritical
151.17	40.000	119.24	0.0083862	84.134	117.68	4.8514	0.84354	1.8145	229.08	0.67148	12.371	0.020416	supercritical
151.50	40.000	118.62	0.0084303	84.545	118.27	4.8553	0.84234	1.8029	229.60	0.66904	12.375	0.020390	supercritical
151.82	40.000	118.01	0.0084742	84.954	118.85	4.8591	0.84117	1.7917	230.11	0.66662	12.379	0.020365	supercritical
152.15	40.000	117.40	0.0085177	85.360	119.43	4.8630	0.84002	1.7807	230.61	0.66420	12.383	0.020342	supercritical
152.47	40.000	116.81	0.0085611	85.764	120.01	4.8667	0.83889	1.7701	231.11	0.66179	12.388	0.020319	supercritical
152.80	40.000	116.22	0.0086042	86.165	120.58	4.8705	0.83779	1.7597	231.61	0.65938	12.392	0.020299	supercritical
153.12	40.000	115.65	0.0086470	86.564	121.15	4.8742	0.83671	1.7496	232.11	0.65699	12.397	0.020279	supercritical
153.45	40.000	115.08	0.0086897	86.961	121.72	4.8779	0.83565	1.7398	232.60	0.65460	12.403	0.020260	supercritical
153.77	40.000	114.52	0.0087321	87.355	122.28	4.8816	0.83461	1.7302	233.09	0.65223	12.408	0.020243	supercritical
154.10	40.000	113.97	0.0087743	87.747	122.84	4.8852	0.83358	1.7209	233.58	0.64986	12.414	0.020227	supercritical
154.42	40.000	113.43	0.0088163	88.137	123.40	4.8889	0.83258	1.7118	234.07	0.64750	12.420	0.020211	supercritical
154.75	40.000	112.89	0.0088581	88.524	123.96	4.8924	0.83160	1.7029	234.55	0.64515	12.426	0.020197	supercritical
155.07	40.000	112.36	0.0088996	88.910	124.51	4.8960	0.83063	1.6942	235.03	0.64281	12.433	0.020184	supercritical
155.40	40.000	111.84	0.0089410	89.294	125.06	4.8996	0.82969	1.6857	235.50	0.64047	12.439	0.020171	supercritical
155.72	40.000	111.33	0.0089822	89.676	125.60	4.9031	0.82876	1.6774	235.98	0.63815	12.446	0.020160	supercritical
156.05	40.000	110.83	0.0090232	90.055	126.15	4.9066	0.82784	1.6694	236.45	0.63584	12.453	0.020149	supercritical
156.37	40.000	110.33	0.0090640	90.434	126.69	4.9100	0.82695	1.6615	236.92	0.63354	12.460	0.020139	supercritical
156.70	40.000	109.83	0.0091046	90.810	127.23	4.9135	0.82606	1.6538	237.38	0.63125	12.467	0.020130	supercritical
157.02	40.000	109.35	0.0091451	91.184	127.76	4.9169	0.82520	1.6462	237.85	0.62896	12.475	0.020122	supercritical
157.35	40.000	108.87	0.0091853	91.557	128.30	4.9203	0.82435	1.6388	238.31	0.62669	12.483	0.020115	supercritical
157.67	40.000	108.40	0.0092254	91.928	128.83	4.9236	0.82351	1.6316	238.76	0.62443	12.490	0.020108	supercritical
158.00	40.000	107.93	0.0092654	92.297	129.36	4.9270	0.82269	1.6246	239.22	0.62218	12.498	0.020102	supercritical
158.32	40.000	107.47	0.0093051	92.665	129.89	4.9303	0.82188	1.6177	239.67	0.61994	12.507	0.020096	supercritical
158.65	40.000	107.01	0.0093447	93.031	130.41	4.9336	0.82108	1.6109	240.13	0.61771	12.515	0.020092	supercritical
158.97	40.000	106.56	0.0093842	93.396	130.93	4.9369	0.82030	1.6043	240.58	0.61548	12.523	0.020087	supercritical
159.30	40.000	106.12	0.0094235	93.759	131.45	4.9402	0.81953	1.5978	241.02	0.61327	12.532	0.020084	supercritical
159.62	40.000	105.68	0.0094626	94.121	131.97	4.9435	0.81877	1.5915	241.47	0.61108	12.541	0.020081	supercritical
159.95	40.000	105.25	0.0095016	94.481	132.49	4.9467	0.81803	1.5852	241.91	0.60889	12.549	0.020079	supercritical
160.27	40.000	104.82	0.0095405	94.840	133.00	4.9499	0.81729	1.5791	242.35	0.60671	12.558	0.020077	supercritical
160.60	40.000	104.39	0.0095792	95.197	133.51	4.9531	0.81657	1.5732	242.79	0.60454	12.567	0.020076	supercritical
160.92	40.000	103.97	0.0096177	95.553	134.02	4.9563	0.81586	1.5673	243.22	0.60238	12.577	0.020075	supercritical
161.25	40.000	103.56	0.0096561	95.908	134.53	4.9594	0.81516	1.5616	243.66	0.60023	12.586	0.020075	supercritical
161.57	40.000	103.15	0.0096944	96.262	135.04	4.9626	0.81447	1.5560	244.09	0.59810	12.596	0.020075	supercritical
161.90	40.000	102.75	0.0097326	96.614	135.54	4.9657	0.81380	1.5504	244.52	0.59597	12.605	0.020076	supercritical
162.22	40.000	102.35	0.0097706	96.965	136.05	4.9688	0.81313	1.5450	244.95	0.59385	12.615	0.020077	supercritical
162.55	40.000	101.95	0.0098085	97.314	136.55	4.9719	0.81247	1.5397	245.38	0.59175	12.625	0.020079	supercritical
162.87	40.000	101.56	0.0098463	97.663	137.05	4.9749	0.81182	1.5345	245.80	0.58965	12.635	0.020081	supercritical
163.20	40.000	101.17	0.0098839	98.010	137.55	4.9780	0.81119	1.5294	246.22	0.58757	12.645	0.020084	supercritical
163.52	40.000	100.79	0.0099214	98.356	138.04	4.9810	0.81056	1.5243	246.65	0.58549	12.655	0.020087	supercritical
163.85	40.000	100.41	0.0099588	98.701	138.54	4.9840	0.80994	1.5194	247.06	0.58343	12.665	0.020090	supercritical
164.17	40.000	100.04	0.0099961	99.045	139.03	4.9871	0.80933	1.5146	247.48	0.58138	12.675	0.020094	supercritical
164.50	40.000	99.669	0.010033	99.388	139.52	4.9900	0.80873	1.5098	247.90	0.57933	12.686	0.020098	supercritical
164.82	40.000	99.302	0.010070	99.730	140.01	4.9930	0.80814	1.5051	248.31	0.57730	12.696	0.020102	supercritical
165.15	40.000	98.939	0.010107	100.07	140.50	4.9960	0.80755	1.5005	248.72	0.57528	12.707	0.020107	supercritical
165.47	40.000	98.580	0.010144	100.41	140.99	4.9989	0.80698	1.4960	249.13	0.57326	12.717	0.020112	supercritical
165.80	40.000	98.224	0.010181	100.75	141.47	5.0019	0.80641	1.4916	249.54	0.57126	12.728	0.020118	supercritical
166.12	40.000	97.873	0.010217	101.09	141.96	5.0048	0.80585	1.4872	249.95	0.56927	12.739	0.020124	supercritical
166.45	40.000	97.524	0.010254	101.42	142.44	5.0077	0.80530	1.4829	250.35	0.56729	12.750	0.020130	supercritical
166.77	40.000	97.179	0.010290	101.76	142.92	5.0106	0.80475	1.4787	250.76	0.56531	12.761	0.020136	supercritical
167.10	40.000	96.838	0.010327	102.09	143.40	5.0134	0.80422	1.4746	251.16	0.56335	12.772	0.020143	supercritical
167.42	40.000	96.499	0.010363	102.43	143.88	5.0163	0.80369	1.4705	251.56	0.56140	12.783	0.020150	supercritical
167.75	40.000	96.165	0.010399	102.76	144.36	5.0191	0.80317	1.4665	251.96	0.55946	12.794	0.020158	supercritical
168.07	40.000	95.833	0.010435	103.09	144.83	5.0220	0.80265	1.4626	252.36	0.55752	12.806	0.020165	supercritical
168.40	40.000	95.504	0.010471	103.42	145.31	5.0248	0.80215	1.4587	252.75	0.55560	12.817	0.020173	supercritical
168.72	40.000	95.179	0.010507	103.75	145.78	5.0276	0.80164	1.4549	253.15	0.55369	12.828	0.020181	supercritical
169.05	40.000	94.856	0.010542	104.08	146.25	5.0304	0.80115	1.4511	253.54	0.55178	12.840	0.020190	supercritical
169.37	40.000	94.537	0.010578	104.41	146.72	5.0332	0.80066	1.4474	253.93	0.54989	12.851	0.020198	supercritical
169.70	40.000	94.221	0.010613	104.74	147.19	5.0360	0.80018	1.4438	254.32	0.54800	12.863	0.020207	supercritical
170.02	40.000	93.907	0.010649	105.07	147.66	5.0387	0.79971	1.4402	254.71	0.54613	12.875	0.020216	supercritical
170.35	40.000	93.597	0.010684	105.39	148.13	5.0415	0.79924	1.4367	255.10	0.54426	12.886	0.020226	supercritical
170.67	40.000	93.289	0.010719	105.72	148.60	5.0442	0.79878	1.4332	255.49	0.54241	12.898	0.020235	supercritical
171.00	40.000	92.984	0.010755	106.04	149.06	5.0469	0.79832	1.4298	255.87	0.54056	12.910	0.020245	supercritical
171.32	40.000	92.681	0.010790	106.37	149.52	5.0496	0.79787	1.4264	256.25	0.53872	12.922	0.020255	supercritical
171.65	40.000	92.382	0.010825	106.69	149.99	5.0523	0.79742	1.4231	256.64	0.53689	12.934	0.020265	supercritical
171.97	40.000	92.084	0.010860	107.01	150.45	5.0550	0.79699	1.4198	257.02	0.53507	12.946	0.020276	supercritical
172.30	40.000	91.790	0.010894	107.33	150.91	5.0577	0.79655	1.4166	257.40	0.53326	12.958	0.020287	supercritical
172.62	40.000	91.498	0.010929	107.65	151.37	5.0604	0.79612	1.4134	257.77	0.53146	12.970	0.020297	supercritical
172.95	40.000	91.209	0.010964	107.97	151.83	5.0630	0.79570	1.4103	258.15	0.52967	12.983	0.020308	supercritical
173.27	40.000	90.922	0.010998	108.29	152.29	5.0657	0.79528	1.4072	258.53	0.52789	12.995	0.020320	supercritical
173.60	40.000	90.637	0.011033	108.61	152.74	5.0683	0.79487	1.4041	258.90	0.52611	13.007	0.020331	supercritical
173.92	40.000	90.355	0.011067	108.93	153.20	5.0709	0.79447	1.4011	259.27	0.52435	13.020	0.020342	supercritical
174.25	40.000	90.075	0.011102	109.25	153.65	5.0735	0.79406	1.3982	259.64	0.52259	13.032	0.020354	supercritical
174.57	40.000	89.798	0.011136	109.56	154.11	5.0761	0.79367	1.3953	260.01	0.52085	13.044	0.020366	supercritical
174.90	40.000	89.523	0.011170	109.88	154.56	5.0787	0.79327	1.3924	260.38	0.51911	13.057	0.020378	supercritical
175.22	40.000	89.250	0.011204	110.20	155.01	5.0813	0.79289	1.3896	260.75	0.51738	13.070	0.020390	supercritical
175.55	40.000	88.979	0.011239	110.51	155.46	5.0839	0.79250	1.3868	261.12	0.51566	13.082	0.020403	supercritical
175.87	40.000	88.711	0.011273	110.82	155.92	5.0865	0.79213	1.3840	261.48	0.51394	13.095	0.020415	supercritical
176.20	40.000	88.445	0.011307	111.14	156.36	5.0890	0.79175	1.3813	261.85	0.51224	13.107	0.020428	supercritical
176.52	40.000	88.180	0.011340	111.45	156.81	5.0916	0.79138	1.3786	262.21	0.51054	13.120	0.020441	supercritical
176.85	40.000	87.918	0.011374	111.76	157.26	5.0941	0.79102	1.3760	262.57	0.50885	13.133	0.020454	supercritical
177.17	40.000	87.658	0.011408	112.08	157.71	5.0966	0.79066	1.3734	262.94	0.50718	13.146	0.020467	supercritical
177.50	40.000	87.400	0.011442	112.39	158.15	5.0991	0.79030	1.3708	263.30	0.50550	13.159	0.020480	supercritical
177.82	40.000	87.144	0.011475	112.70	158.60	5.1016	0.78995	1.3683	263.65	0.50384	13.171	0.020493	supercritical
178.15	40.000	86.890	0.011509	113.01	159.04	5.1041	0.78960	1.3658	264.01	0.50219	13.184	0.020507	supercritical
178.47	40.000	86.638	0.011542	113.32	159.49	5.1066	0.78926	1.3633	264.37	0.50054	13.197	0.020520	supercritical
178.80	40.000	86.388	0.011576	113.63	159.93	5.1091	0.78892	1.3608	264.72	0.49890	13.210	0.020534	supercritical
179.12	40.000	86.140	0.011609	113.93	160.37	5.1116	0.78858	1.3584	265.08	0.49727	13.223	0.020548	supercritical
179.45	40.000	85.894	0.011642	114.24	160.81	5.1140	0.78825	1.3560	265.43	0.49565	13.236	0.020562	supercritical
179.77	40.000	85.649	0.011676	114.55	161.25	5.1165	0.78792	1.3537	265.78	0.49404	13.250	0.020576	supercritical
180.10	40.000	85.407	0.011709	114.86	161.69	5.1189	0.78760	1.3514	266.14	0.49243	13.263	0.020590	supercritical
180.42	40.000	85.166	0.011742	115.16	162.13	5.1213	0.78728	1.3491	266.49	0.49083	13.276	0.020604	supercritical
180.75	40.000	84.927	0.011775	115.47	162.57	5.1238	0.78696	1.3468	266.84	0.48924	13.289	0.020619	supercritical
181.07	40.000	84.690	0.011808	115.77	163.01	5.1262	0.78664	1.3446	267.18	0.48766	13.302	0.020633	supercritical
181.40	40.000	84.454	0.011841	116.08	163.44	5.1286	0.78633	1.3424	267.53	0.48608	13.315	0.020648	supercritical
181.72	40.000	84.220	0.011874	116.38	163.88	5.1310	0.78603	1.3402	267.88	0.48451	13.329	0.020663	supercritical
182.05	40.000	83.988	0.011906	116.69	164.31	5.1334	0.78572	1.3380	268.22	0.48295	13.342	0.020677	supercritical
182.37	40.000	83.758	0.011939	116.99	164.75	5.1358	0.78542	1.3359	268.57	0.48140	13.355	0.020692	supercritical
182.70	40.000	83.529	0.011972	117.29	165.18	5.1382	0.78513	1.3338	268.91	0.47986	13.369	0.020707	supercritical
183.02	40.000	83.302	0.012005	117.60	165.62	5.1405	0.78483	1.3317	269.25	0.47832	13.382	0.020722	supercritical
183.35	40.000	83.076	0.012037	117.90	166.05	5.1429	0.78454	1.3297	269.60	0.47679	13.396	0.020738	supercritical
183.67	40.000	82.852	0.012070	118.20	166.48	5.1452	0.78426	1.3277	269.94	0.47526	13.409	0.020753	supercritical
184.00	40.000	82.629	0.012102	118.50	166.91	5.1476	0.78397	1.3257	270.28	0.47375	13.423	0.020768	supercritical
184.32	40.000	82.409	0.012135	118.80	167.34	5.1499	0.78369	1.3237	270.62	0.47224	13.436	0.020784	supercritical
184.65	40.000	82.189	0.012167	119.10	167.77	5.1523	0.78341	1.3217	270.95	0.47074	13.450	0.020799	supercritical
184.97	40.000	81.971	0.012199	119.40	168.20	5.1546	0.78314	1.3198	271.29	0.46924	13.463	0.020815	supercritical
185.30	40.000	81.755	0.012232	119.70	168.63	5.1569	0.78287	1.3179	271.63	0.46776	13.477	0.020830	supercritical
185.62	40.000	81.540	0.012264	120.00	169.06	5.1592	0.78260	1.3160	271.96	0.46628	13.490	0.020846	supercritical
185.95	40.000	81.326	0.012296	120.30	169.48	5.1615	0.78233	1.3141	272.30	0.46480	13.504	0.020862	supercritical
186.27	40.000	81.114	0.012328	120.60	169.91	5.1638	0.78207	1.3123	272.63	0.46334	13.518	0.020878	supercritical
186.60	40.000	80.904	0.012360	120.90	170.34	5.1661	0.78181	1.3105	272.96	0.46188	13.531	0.020894	supercritical
186.92	40.000	80.695	0.012392	121.19	170.76	5.1684	0.78155	1.3086	273.30	0.46042	13.545	0.020910	supercritical
187.25	40.000	80.487	0.012424	121.49	171.19	5.1706	0.78129	1.3069	273.63	0.45898	13.559	0.020926	supercritical
187.57	40.000	80.280	0.012456	121.79	171.61	5.1729	0.78104	1.3051	273.96	0.45754	13.573	0.020942	supercritical
187.90	40.000	80.075	0.012488	122.08	172.04	5.1752	0.78079	1.3034	274.29	0.45611	13.586	0.020958	supercritical
188.22	40.000	79.871	0.012520	122.38	172.46	5.1774	0.78054	1.3016	274.61	0.45468	13.600	0.020975	supercritical
188.55	40.000	79.669	0.012552	122.67	172.88	5.1796	0.78030	1.2999	274.94	0.45326	13.614	0.020991	supercritical
188.87	40.000	79.468	0.012584	122.97	173.30	5.1819	0.78006	1.2982	275.27	0.45185	13.628	0.021007	supercritical
189.20	40.000	79.268	0.012615	123.26	173.73	5.1841	0.77982	1.2966	275.60	0.45044	13.642	0.021024	supercritical
189.52	40.000	79.070	0.012647	123.56	174.15	5.1863	0.77958	1.2949	275.92	0.44904	13.656	0.021040	supercritical
189.85	40.000	78.872	0.012679	123.85	174.57	5.1886	0.77934	1.2933	276.24	0.44765	13.669	0.021057	supercritical
190.17	40.000	78.676	0.012710	124.15	174.99	5.1908	0.77911	1.2917	276.57	0.44626	13.683	0.021074	supercritical
190.50	40.000	78.481	0.012742	124.44	175.41	5.1930	0.77888	1.2901	276.89	0.44488	13.697	0.021090	supercritical
190.82	40.000	78.288	0.012773	124.73	175.83	5.1952	0.77865	1.2885	277.21	0.44351	13.711	0.021107	supercritical
191.15	40.000	78.095	0.012805	125.03	176.24	5.1974	0.77843	1.2869	277.54	0.44214	13.725	0.021124	supercritical
191.47	40.000	77.904	0.012836	125.32	176.66	5.1995	0.77820	1.2854	277.86	0.44078	13.739	0.021141	supercritical
191.80	40.000	77.714	0.012868	125.61	177.08	5.2017	0.77798	1.2838	278.18	0.43942	13.753	0.021158	supercritical
192.12	40.000	77.525	0.012899	125.90	177.50	5.2039	0.77776	1.2823	278.49	0.43807	13.767	0.021175	supercritical
192.45	40.000	77.338	0.012930	126.19	177.91	5.2061	0.77754	1.2808	278.81	0.43673	13.781	0.021192	supercritical
192.77	40.000	77.151	0.012962	126.48	178.33	5.2082	0.77733	1.2793	279.13	0.43539	13.795	0.021209	supercritical
193.10	40.000	76.966	0.012993	126.77	178.75	5.2104	0.77712	1.2779	279.45	0.43406	13.809	0.021226	supercritical
193.42	40.000	76.781	0.013024	127.06	179.16	5.2125	0.77690	1.2764	279.76	0.43274	13.823	0.021243	supercritical
193.75	40.000	76.598	0.013055	127.35	179.58	5.2147	0.77670	1.2750	280.08	0.43142	13.838	0.021261	supercritical
194.07	40.000	76.416	0.013086	127.64	179.99	5.2168	0.77649	1.2735	280.39	0.43011	13.852	0.021278	supercritical
194.40	40.000	76.235	0.013117	127.93	180.40	5.2189	0.77628	1.2721	280.71	0.42880	13.866	0.021295	supercritical
194.72	40.000	76.055	0.013148	128.22	180.82	5.2211	0.77608	1.2707	281.02	0.42750	13.880	0.021313	supercritical
195.05	40.000	75.876	0.013179	128.51	181.23	5.2232	0.77588	1.2693	281.33	0.42620	13.894	0.021330	supercritical
195.37	40.000	75.699	0.013210	128.80	181.64	5.2253	0.77568	1.2680	281.65	0.42491	13.908	0.021347	supercritical
195.70	40.000	75.522	0.013241	129.09	182.05	5.2274	0.77548	1.2666	281.96	0.42363	13.922	0.021365	supercritical
196.02	40.000	75.346	0.013272	129.38	182.46	5.2295	0.77529	1.2653	282.27	0.42235	13.937	0.021383	supercritical
196.35	40.000	75.171	0.013303	129.66	182.88	5.2316	0.77510	1.2639	282.58	0.42108	13.951	0.021400	supercritical
196.67	40.000	74.998	0.013334	129.95	183.29	5.2337	0.77490	1.2626	282.89	0.41981	13.965	0.021418	supercritical
197.00	40.000	74.825	0.013365	130.24	183.70	5.2358	0.77471	1.2613	283.20	0.41855	13.979	0.021435	supercritical
197.32	40.000	74.653	0.013395	130.53	184.11	5.2378	0.77453	1.2600	283.50	0.41729	13.994	0.021453	supercritical
197.65	40.000	74.483	0.013426	130.81	184.52	5.2399	0.77434	1.2588	283.81	0.41604	14.008	0.021471	supercritical
197.97	40.000	74.313	0.013457	131.10	184.92	5.2420	0.77416	1.2575	284.12	0.41479	14.022	0.021489	supercritical
198.30	40.000	74.144	0.013487	131.38	185.33	5.2440	0.77397	1.2562	284.42	0.41355	14.036	0.021506	supercritical
198.62	40.000	73.976	0.013518	131.67	185.74	5.2461	0.77379	1.2550	284.73	0.41232	14.051	0.021524	supercritical
198.95	40.000	73.809	0.013548	131.95	186.15	5.2481	0.77361	1.2538	285.03	0.41109	14.065	0.021542	supercritical
199.27	40.000	73.643	0.013579	132.24	186.56	5.2502	0.77343	1.2525	285.34	0.40987	14.079	0.021560	supercritical
199.60	40.000	73.478	0.013609	132.52	186.96	5.2522	0.77326	1.2513	285.64	0.40865	14.094	0.021578	supercritical
199.92	40.000	73.314	0.013640	132.81	187.37	5.2543	0.77308	1.2501	285.94	0.40744	14.108	0.021596	supercritical
200.25	40.000	73.151	0.013670	133.09	187.78	5.2563	0.77291	1.2490	286.24	0.40623	14.122	0.021614	supercritical
200.57	40.000	72.989	0.013701	133.38	188.18	5.2583	0.77274	1.2478	286.55	0.40502	14.137	0.021632	supercritical
200.90	40.000	72.827	0.013731	133.66	188.59	5.2603	0.77257	1.2466	286.85	0.40383	14.151	0.021650	supercritical
201.22	40.000	72.667	0.013761	133.95	188.99	5.2624	0.77240	1.2455	287.15	0.40263	14.165	0.021668	supercritical
201.55	40.000	72.507	0.013792	134.23	189.40	5.2644	0.77223	1.2443	287.45	0.40145	14.180	0.021686	supercritical
201.87	40.000	72.348	0.013822	134.51	189.80	5.2664	0.77207	1.2432	287.75	0.40026	14.194	0.021704	supercritical
202.20	40.000	72.190	0.013852	134.79	190.20	5.2684	0.77191	1.2421	288.04	0.39909	14.208	0.021723	supercritical
202.52	40.000	72.033	0.013883	135.08	190.61	5.2704	0.77174	1.2410	288.34	0.39791	14.223	0.021741	supercritical
202.85	40.000	71.877	0.013913	135.36	191.01	5.2723	0.77158	1.2399	288.64	0.39675	14.237	0.021759	supercritical
203.17	40.000	71.721	0.013943	135.64	191.41	5.2743	0.77142	1.2388	288.94	0.39558	14.252	0.021777	supercritical
203.50	40.000	71.566	0.013973	135.92	191.82	5.2763	0.77126	1.2377	289.23	0.39443	14.266	0.021796	supercritical
203.82	40.000	71.413	0.014003	136.21	192.22	5.2783	0.77111	1.2366	289.53	0.39327	14.281	0.021814	supercritical
204.15	40.000	71.260	0.014033	136.49	192.62	5.2803	0.77095	1.2356	289.82	0.39213	14.295	0.021832	supercritical
204.47	40.000	71.107	0.014063	136.77	193.02	5.2822	0.77080	1.2345	290.12	0.39098	14.310	0.021851	supercritical
204.80	40.000	70.956	0.014093	137.05	193.42	5.2842	0.77064	1.2335	290.41	0.38984	14.324	0.021869	supercritical
205.12	40.000	70.805	0.014123	137.33	193.82	5.2861	0.77049	1.2324	290.70	0.38871	14.339	0.021888	supercritical
205.45	40.000	70.656	0.014153	137.61	194.22	5.2881	0.77034	1.2314	291.00	0.38758	14.353	0.021906	supercritical
205.77	40.000	70.506	0.014183	137.89	194.62	5.2900	0.77019	1.2304	291.29	0.38646	14.367	0.021924	supercritical
206.10	40.000	70.358	0.014213	138.17	195.02	5.2920	0.77005	1.2294	291.58	0.38534	14.382	0.021943	supercritical
206.42	40.000	70.211	0.014243	138.45	195.42	5.2939	0.76990	1.2284	291.87	0.38422	14.396	0.021961	supercritical
206.75	40.000	70.064	0.014273	138.73	195.82	5.2958	0.76976	1.2274	292.16	0.38311	14.411	0.021980	supercritical
207.07	40.000	69.918	0.014303	139.01	196.22	5.2978	0.76961	1.2264	292.45	0.38201	14.426	0.021999	supercritical
207.40	40.000	69.772	0.014332	139.29	196.62	5.2997	0.76947	1.2254	292.74	0.38091	14.440	0.022017	supercritical
207.72	40.000	69.628	0.014362	139.57	197.02	5.3016	0.76933	1.2245	293.03	0.37981	14.455	0.022036	supercritical
208.05	40.000	69.484	0.014392	139.85	197.41	5.3035	0.76919	1.2235	293.32	0.37872	14.469	0.022054	supercritical
208.37	40.000	69.341	0.014422	140.13	197.81	5.3054	0.76905	1.2226	293.61	0.37763	14.484	0.022073	supercritical
208.70	40.000	69.198	0.014451	140.40	198.21	5.3073	0.76891	1.2216	293.89	0.37655	14.498	0.022092	supercritical
209.02	40.000	69.057	0.014481	140.68	198.61	5.3092	0.76877	1.2207	294.18	0.37547	14.513	0.022110	supercritical
209.35	40.000	68.916	0.014510	140.96	199.00	5.3111	0.76864	1.2198	294.47	0.37439	14.527	0.022129	supercritical
209.67	40.000	68.775	0.014540	141.24	199.40	5.3130	0.76850	1.2189	294.75	0.37332	14.542	0.022148	supercritical
210.00	40.000	68.636	0.014570	141.52	199.79	5.3149	0.76837	1.2179	295.04	0.37226	14.556	0.022166	supercritical
210.32	40.000	68.497	0.014599	141.79	200.19	5.3168	0.76824	1.2170	295.32	0.37119	14.571	0.022185	supercritical
210.65	40.000	68.359	0.014629	142.07	200.59	5.3187	0.76811	1.2161	295.60	0.37014	14.586	0.022204	supercritical
210.97	40.000	68.221	0.014658	142.35	200.98	5.3205	0.76798	1.2153	295.89	0.36908	14.600	0.022223	supercritical
211.30	40.000	68.084	0.014688	142.62	201.38	5.3224	0.76785	1.2144	296.17	0.36803	14.615	0.022242	supercritical
211.62	40.000	67.948	0.014717	142.90	201.77	5.3243	0.76772	1.2135	296.45	0.36699	14.629	0.022260	supercritical
211.95	40.000	67.812	0.014747	143.18	202.16	5.3261	0.76759	1.2126	296.74	0.36595	14.644	0.022279	supercritical
212.27	40.000	67.677	0.014776	143.45	202.56	5.3280	0.76747	1.2118	297.02	0.36491	14.659	0.022298	supercritical
212.60	40.000	67.543	0.014805	143.73	202.95	5.3298	0.76734	1.2109	297.30	0.36388	14.673	0.022317	supercritical
212.92	40.000	67.409	0.014835	144.01	203.35	5.3317	0.76722	1.2101	297.58	0.36285	14.688	0.022336	supercritical
213.25	40.000	67.276	0.014864	144.28	203.74	5.3335	0.76710	1.2093	297.86	0.36183	14.702	0.022355	supercritical
213.57	40.000	67.144	0.014893	144.56	204.13	5.3354	0.76697	1.2084	298.14	0.36081	14.717	0.022374	supercritical
213.90	40.000	67.012	0.014923	144.83	204.52	5.3372	0.76685	1.2076	298.42	0.35979	14.732	0.022393	supercritical
214.22	40.000	66.881	0.014952	145.11	204.92	5.3391	0.76673	1.2068	298.70	0.35878	14.746	0.022412	supercritical
214.55	40.000	66.750	0.014981	145.38	205.31	5.3409	0.76661	1.2060	298.98	0.35777	14.761	0.022431	supercritical
214.87	40.000	66.621	0.015010	145.66	205.70	5.3427	0.76650	1.2052	299.25	0.35677	14.776	0.022450	supercritical
215.20	40.000	66.491	0.015040	145.93	206.09	5.3445	0.76638	1.2044	299.53	0.35577	14.790	0.022469	supercritical
215.52	40.000	66.362	0.015069	146.21	206.48	5.3463	0.76626	1.2036	299.81	0.35477	14.805	0.022488	supercritical
215.85	40.000	66.234	0.015098	146.48	206.87	5.3482	0.76615	1.2028	300.08	0.35378	14.820	0.022507	supercritical
216.17	40.000	66.107	0.015127	146.76	207.27	5.3500	0.76603	1.2020	300.36	0.35279	14.834	0.022526	supercritical
216.50	40.000	65.980	0.015156	147.03	207.66	5.3518	0.76592	1.2012	300.63	0.35180	14.849	0.022545	supercritical
216.82	40.000	65.853	0.015185	147.30	208.05	5.3536	0.76581	1.2005	300.91	0.35082	14.863	0.022564	supercritical
217.15	40.000	65.728	0.015214	147.58	208.44	5.3554	0.76570	1.1997	301.18	0.34985	14.878	0.022583	supercritical
217.47	40.000	65.602	0.015243	147.85	208.83	5.3572	0.76559	1.1989	301.46	0.34887	14.893	0.022602	supercritical
217.80	40.000	65.478	0.015272	148.13	209.22	5.3590	0.76548	1.1982	301.73	0.34790	14.907	0.022621	supercritical
218.12	40.000	65.354	0.015301	148.40	209.60	5.3607	0.76537	1.1975	302.00	0.34694	14.922	0.022640	supercritical
218.45	40.000	65.230	0.015330	148.67	209.99	5.3625	0.76526	1.1967	302.28	0.34597	14.937	0.022659	supercritical
218.77	40.000	65.107	0.015359	148.95	210.38	5.3643	0.76515	1.1960	302.55	0.34502	14.951	0.022678	supercritical
219.10	40.000	64.985	0.015388	149.22	210.77	5.3661	0.76504	1.1953	302.82	0.34406	14.966	0.022697	supercritical
219.42	40.000	64.863	0.015417	149.49	211.16	5.3678	0.76494	1.1945	303.09	0.34311	14.981	0.022717	supercritical
219.75	40.000	64.742	0.015446	149.76	211.55	5.3696	0.76483	1.1938	303.36	0.34216	14.996	0.022736	supercritical
220.07	40.000	64.621	0.015475	150.04	211.94	5.3714	0.76473	1.1931	303.63	0.34122	15.010	0.022755	supercritical
220.40	40.000	64.500	0.015504	150.31	212.32	5.3731	0.76463	1.1924	303.90	0.34028	15.025	0.022774	supercritical
220.72	40.000	64.381	0.015533	150.58	212.71	5.3749	0.76452	1.1917	304.17	0.33934	15.040	0.022793	supercritical
221.05	40.000	64.262	0.015561	150.85	213.10	5.3766	0.76442	1.1910	304.44	0.33841	15.054	0.022813	supercritical
221.37	40.000	64.143	0.015590	151.12	213.48	5.3784	0.76432	1.1903	304.71	0.33748	15.069	0.022832	supercritical
221.70	40.000	64.025	0.015619	151.40	213.87	5.3801	0.76422	1.1896	304.98	0.33655	15.084	0.022851	supercritical
222.02	40.000	63.907	0.015648	151.67	214.26	5.3819	0.76412	1.1889	305.25	0.33563	15.098	0.022870	supercritical
222.35	40.000	63.790	0.015676	151.94	214.64	5.3836	0.76402	1.1883	305.52	0.33471	15.113	0.022889	supercritical
222.67	40.000	63.673	0.015705	152.21	215.03	5.3854	0.76392	1.1876	305.78	0.33379	15.128	0.022909	supercritical
223.00	40.000	63.557	0.015734	152.48	215.42	5.3871	0.76383	1.1869	306.05	0.33288	15.142	0.022928	supercritical
223.32	40.000	63.441	0.015763	152.75	215.80	5.3888	0.76373	1.1863	306.32	0.33197	15.157	0.022947	supercritical
223.65	40.000	63.326	0.015791	153.02	216.19	5.3905	0.76363	1.1856	306.58	0.33106	15.172	0.022966	supercritical
223.97	40.000	63.212	0.015820	153.29	216.57	5.3923	0.76354	1.1850	306.85	0.33016	15.187	0.022986	supercritical
224.30	40.000	63.097	0.015848	153.56	216.96	5.3940	0.76345	1.1843	307.11	0.32926	15.201	0.023005	supercritical
224.62	40.000	62.984	0.015877	153.83	217.34	5.3957	0.76335	1.1837	307.38	0.32836	15.216	0.023024	supercritical
224.95	40.000	62.871	0.015906	154.10	217.73	5.3974	0.76326	1.1830	307.64	0.32747	15.231	0.023044	supercritical
225.27	40.000	62.758	0.015934	154.37	218.11	5.3991	0.76317	1.1824	307.91	0.32658	15.245	0.023063	supercritical
225.60	40.000	62.646	0.015963	154.64	218.50	5.4008	0.76307	1.1818	308.17	0.32570	15.260	0.023082	supercritical
225.92	40.000	62.534	0.015991	154.91	218.88	5.4025	0.76298	1.1812	308.43	0.32481	15.275	0.023102	supercritical
226.25	40.000	62.423	0.016020	155.18	219.26	5.4042	0.76289	1.1805	308.70	0.32393	15.289	0.023121	supercritical
226.57	40.000	62.312	0.016048	155.45	219.65	5.4059	0.76280	1.1799	308.96	0.32306	15.304	0.023140	supercritical
226.90	40.000	62.201	0.016077	155.72	220.03	5.4076	0.76271	1.1793	309.22	0.32218	15.319	0.023160	supercritical
227.22	40.000	62.091	0.016105	155.99	220.41	5.4093	0.76263	1.1787	309.48	0.32131	15.334	0.023179	supercritical
227.55	40.000	61.982	0.016134	156.26	220.80	5.4110	0.76254	1.1781	309.74	0.32045	15.348	0.023198	supercritical
227.87	40.000	61.873	0.016162	156.53	221.18	5.4127	0.76245	1.1775	310.00	0.31958	15.363	0.023218	supercritical
228.20	40.000	61.764	0.016191	156.80	221.56	5.4143	0.76236	1.1769	310.26	0.31872	15.378	0.023237	supercritical
228.52	40.000	61.656	0.016219	157.07	221.94	5.4160	0.76228	1.1763	310.52	0.31786	15.392	0.023256	supercritical
228.85	40.000	61.549	0.016247	157.34	222.33	5.4177	0.76219	1.1757	310.78	0.31701	15.407	0.023276	supercritical
229.17	40.000	61.441	0.016276	157.61	222.71	5.4193	0.76211	1.1751	311.04	0.31616	15.422	0.023295	supercritical
229.50	40.000	61.335	0.016304	157.87	223.09	5.4210	0.76203	1.1746	311.30	0.31531	15.437	0.023315	supercritical
229.82	40.000	61.228	0.016332	158.14	223.47	5.4227	0.76194	1.1740	311.56	0.31446	15.451	0.023334	supercritical
230.15	40.000	61.122	0.016361	158.41	223.85	5.4243	0.76186	1.1734	311.82	0.31362	15.466	0.023353	supercritical
230.47	40.000	61.017	0.016389	158.68	224.23	5.4260	0.76178	1.1729	312.08	0.31278	15.481	0.023373	supercritical
230.80	40.000	60.912	0.016417	158.95	224.62	5.4276	0.76170	1.1723	312.34	0.31194	15.495	0.023392	supercritical
231.12	40.000	60.807	0.016445	159.21	225.00	5.4293	0.76161	1.1717	312.59	0.31111	15.510	0.023412	supercritical
231.45	40.000	60.703	0.016474	159.48	225.38	5.4309	0.76153	1.1712	312.85	0.31028	15.525	0.023431	supercritical
231.77	40.000	60.599	0.016502	159.75	225.76	5.4326	0.76145	1.1706	313.11	0.30945	15.540	0.023450	supercritical
232.10	40.000	60.495	0.016530	160.02	226.14	5.4342	0.76137	1.1701	313.36	0.30863	15.554	0.023470	supercritical
232.42	40.000	60.392	0.016558	160.28	226.52	5.4359	0.76130	1.1695	313.62	0.30781	15.569	0.023489	supercritical
232.75	40.000	60.290	0.016587	160.55	226.90	5.4375	0.76122	1.1690	313.87	0.30699	15.584	0.023509	supercritical
233.07	40.000	60.188	0.016615	160.82	227.28	5.4391	0.76114	1.1685	314.13	0.30617	15.598	0.023528	supercritical
233.40	40.000	60.086	0.016643	161.09	227.66	5.4407	0.76106	1.1679	314.38	0.30536	15.613	0.023548	supercritical
233.72	40.000	59.984	0.016671	161.35	228.04	5.4424	0.76099	1.1674	314.64	0.30455	15.628	0.023567	supercritical
234.05	40.000	59.883	0.016699	161.62	228.42	5.4440	0.76091	1.1669	314.89	0.30374	15.643	0.023586	supercritical
234.37	40.000	59.783	0.016727	161.89	228.80	5.4456	0.76083	1.1664	315.14	0.30293	15.657	0.023606	supercritical
234.70	40.000	59.683	0.016755	162.15	229.17	5.4472	0.76076	1.1658	315.40	0.30213	15.672	0.023625	supercritical
235.02	40.000	59.583	0.016783	162.42	229.55	5.4488	0.76069	1.1653	315.65	0.30133	15.687	0.023645	supercritical
235.35	40.000	59.483	0.016811	162.69	229.93	5.4505	0.76061	1.1648	315.90	0.30054	15.701	0.023664	supercritical
235.67	40.000	59.384	0.016839	162.95	230.31	5.4521	0.76054	1.1643	316.16	0.29974	15.716	0.023684	supercritical
236.00	40.000	59.286	0.016867	163.22	230.69	5.4537	0.76046	1.1638	316.41	0.29895	15.731	0.023703	supercritical
236.32	40.000	59.187	0.016896	163.48	231.07	5.4553	0.76039	1.1633	316.66	0.29816	15.745	0.023723	supercritical
236.65	40.000	59.089	0.016924	163.75	231.44	5.4569	0.76032	1.1628	316.91	0.29738	15.760	0.023742	supercritical
236.97	40.000	58.992	0.016951	164.02	231.82	5.4585	0.76025	1.1623	317.16	0.29660	15.775	0.023762	supercritical
237.30	40.000	58.895	0.016979	164.28	232.20	5.4601	0.76018	1.1618	317.41	0.29582	15.790	0.023781	supercritical
237.62	40.000	58.798	0.017007	164.55	232.58	5.4616	0.76011	1.1613	317.66	0.29504	15.804	0.023801	supercritical
237.95	40.000	58.701	0.017035	164.81	232.96	5.4632	0.76004	1.1608	317.91	0.29426	15.819	0.023820	supercritical
238.27	40.000	58.605	0.017063	165.08	233.33	5.4648	0.75997	1.1604	318.16	0.29349	15.834	0.023840	supercritical
238.60	40.000	58.510	0.017091	165.34	233.71	5.4664	0.75990	1.1599	318.41	0.29272	15.848	0.023859	supercritical
238.92	40.000	58.414	0.017119	165.61	234.09	5.4680	0.75983	1.1594	318.66	0.29195	15.863	0.023878	supercritical
239.25	40.000	58.319	0.017147	165.88	234.46	5.4695	0.75976	1.1589	318.91	0.29119	15.878	0.023898	supercritical
239.57	40.000	58.225	0.017175	166.14	234.84	5.4711	0.75969	1.1585	319.16	0.29043	15.892	0.023917	supercritical
239.90	40.000	58.130	0.017203	166.41	235.22	5.4727	0.75963	1.1580	319.40	0.28967	15.907	0.023937	supercritical
240.22	40.000	58.036	0.017231	166.67	235.59	5.4743	0.75956	1.1575	319.65	0.28891	15.922	0.023956	supercritical
240.55	40.000	57.943	0.017258	166.94	235.97	5.4758	0.75949	1.1571	319.90	0.28816	15.936	0.023976	supercritical
240.87	40.000	57.850	0.017286	167.20	236.34	5.4774	0.75943	1.1566	320.15	0.28741	15.951	0.023995	supercritical
241.20	40.000	57.757	0.017314	167.46	236.72	5.4789	0.75936	1.1561	320.39	0.28666	15.966	0.024015	supercritical
241.52	40.000	57.664	0.017342	167.73	237.10	5.4805	0.75930	1.1557	320.64	0.28591	15.981	0.024034	supercritical
241.85	40.000	57.572	0.017370	167.99	237.47	5.4821	0.75923	1.1552	320.89	0.28517	15.995	0.024054	supercritical
242.17	40.000	57.480	0.017397	168.26	237.85	5.4836	0.75917	1.1548	321.13	0.28443	16.010	0.024073	supercritical
242.50	40.000	57.389	0.017425	168.52	238.22	5.4852	0.75911	1.1543	321.38	0.28369	16.025	0.024093	supercritical
242.82	40.000	57.297	0.017453	168.79	238.60	5.4867	0.75904	1.1539	321.62	0.28295	16.039	0.024112	supercritical
243.15	40.000	57.207	0.017481	169.05	238.97	5.4882	0.75898	1.1535	321.87	0.28222	16.054	0.024132	supercritical
243.47	40.000	57.116	0.017508	169.31	239.35	5.4898	0.75892	1.1530	322.11	0.28148	16.069	0.024151	supercritical
243.80	40.000	57.026	0.017536	169.58	239.72	5.4913	0.75885	1.1526	322.35	0.28075	16.083	0.024171	supercritical
244.12	40.000	56.936	0.017564	169.84	240.10	5.4929	0.75879	1.1522	322.60	0.28003	16.098	0.024190	supercritical
244.45	40.000	56.846	0.017591	170.11	240.47	5.4944	0.75873	1.1517	322.84	0.27930	16.113	0.024210	supercritical
244.77	40.000	56.757	0.017619	170.37	240.84	5.4959	0.75867	1.1513	323.09	0.27858	16.127	0.024229	supercritical
245.10	40.000	56.668	0.017647	170.63	241.22	5.4974	0.75861	1.1509	323.33	0.27786	16.142	0.024249	supercritical
245.42	40.000	56.580	0.017674	170.90	241.59	5.4990	0.75855	1.1505	323.57	0.27714	16.157	0.024268	supercritical
245.75	40.000	56.491	0.017702	171.16	241.97	5.5005	0.75849	1.1500	323.81	0.27643	16.171	0.024287	supercritical
246.07	40.000	56.403	0.017729	171.42	242.34	5.5020	0.75843	1.1496	324.06	0.27572	16.186	0.024307	supercritical
246.40	40.000	56.316	0.017757	171.69	242.71	5.5035	0.75837	1.1492	324.30	0.27500	16.201	0.024326	supercritical
246.72	40.000	56.228	0.017785	171.95	243.09	5.5050	0.75831	1.1488	324.54	0.27430	16.215	0.024346	supercritical
247.05	40.000	56.141	0.017812	172.21	243.46	5.5066	0.75826	1.1484	324.78	0.27359	16.230	0.024365	supercritical
247.37	40.000	56.055	0.017840	172.47	243.83	5.5081	0.75820	1.1480	325.02	0.27289	16.244	0.024385	supercritical
247.70	40.000	55.968	0.017867	172.74	244.21	5.5096	0.75814	1.1476	325.26	0.27219	16.259	0.024404	supercritical
248.02	40.000	55.882	0.017895	173.00	244.58	5.5111	0.75808	1.1472	325.50	0.27149	16.274	0.024423	supercritical
248.35	40.000	55.796	0.017922	173.26	244.95	5.5126	0.75803	1.1468	325.74	0.27079	16.288	0.024443	supercritical
248.67	40.000	55.711	0.017950	173.53	245.33	5.5141	0.75797	1.1464	325.98	0.27010	16.303	0.024462	supercritical
249.00	40.000	55.625	0.017977	173.79	245.70	5.5156	0.75792	1.1460	326.22	0.26940	16.318	0.024481	supercritical
249.32	40.000	55.541	0.018005	174.05	246.07	5.5171	0.75786	1.1456	326.46	0.26871	16.332	0.024501	supercritical
249.65	40.000	55.456	0.018032	174.31	246.44	5.5186	0.75781	1.1452	326.70	0.26802	16.347	0.024520	supercritical
249.97	40.000	55.372	0.018060	174.58	246.81	5.5201	0.75775	1.1448	326.94	0.26734	16.362	0.024539	supercritical
250.30	40.000	55.288	0.018087	174.84	247.19	5.5215	0.75770	1.1444	327.18	0.26666	16.376	0.024559	supercritical
250.62	40.000	55.204	0.018115	175.10	247.56	5.5230	0.75764	1.1441	327.42	0.26597	16.391	0.024578	supercritical
250.95	40.000	55.120	0.018142	175.36	247.93	5.5245	0.75759	1.1437	327.65	0.26529	16.405	0.024597	supercritical
251.27	40.000	55.037	0.018170	175.62	248.30	5.5260	0.75754	1.1433	327.89	0.26462	16.420	0.024616	supercritical
251.60	40.000	54.954	0.018197	175.89	248.67	5.5275	0.75748	1.1429	328.13	0.26394	16.435	0.024635	supercritical
251.92	40.000	54.872	0.018224	176.15	249.04	5.5289	0.75743	1.1426	328.37	0.26327	16.449	0.024654	supercritical
252.25	40.000	54.789	0.018252	176.41	249.42	5.5304	0.75738	1.1422	328.60	0.26260	16.464	0.024672	supercritical
252.57	40.000	54.707	0.018279	176.67	249.79	5.5319	0.75733	1.1418	328.84	0.26193	16.478	0.024690	supercritical
252.90	40.000	54.625	0.018306	176.93	250.16	5.5333	0.75727	1.1414	329.07	0.26126	16.493	0.024710	supercritical
253.22	40.000	54.544	0.018334	177.19	250.53	5.5348	0.75722	1.1411	329.31	0.26060	16.508	0.024729	supercritical
253.55	40.000	54.463	0.018361	177.46	250.90	5.5363	0.75717	1.1407	329.55	0.25994	16.522	0.024749	supercritical
253.87	40.000	54.382	0.018389	177.72	251.27	5.5377	0.75712	1.1404	329.78	0.25928	16.537	0.024769	supercritical
254.20	40.000	54.301	0.018416	177.98	251.64	5.5392	0.75707	1.1400	330.02	0.25862	16.551	0.024789	supercritical
254.52	40.000	54.221	0.018443	178.24	252.01	5.5407	0.75702	1.1396	330.25	0.25796	16.566	0.024809	supercritical
254.85	40.000	54.141	0.018470	178.50	252.38	5.5421	0.75697	1.1393	330.49	0.25731	16.581	0.024829	supercritical
255.17	40.000	54.061	0.018498	178.76	252.75	5.5436	0.75692	1.1389	330.72	0.25666	16.595	0.024849	supercritical
255.50	40.000	53.981	0.018525	179.02	253.12	5.5450	0.75687	1.1386	330.95	0.25601	16.610	0.024869	supercritical
255.82	40.000	53.902	0.018552	179.28	253.49	5.5465	0.75682	1.1382	331.19	0.25536	16.624	0.024888	supercritical
256.15	40.000	53.823	0.018580	179.54	253.86	5.5479	0.75678	1.1379	331.42	0.25471	16.639	0.024908	supercritical
256.47	40.000	53.744	0.018607	179.80	254.23	5.5493	0.75673	1.1375	331.66	0.25407	16.654	0.024928	supercritical
256.80	40.000	53.665	0.018634	180.07	254.60	5.5508	0.75668	1.1372	331.89	0.25343	16.668	0.024948	supercritical
257.12	40.000	53.587	0.018661	180.33	254.97	5.5522	0.75663	1.1369	332.12	0.25279	16.683	0.024968	supercritical
257.45	40.000	53.509	0.018688	180.59	255.34	5.5537	0.75658	1.1365	332.35	0.25215	16.697	0.024988	supercritical
257.77	40.000	53.431	0.018716	180.85	255.71	5.5551	0.75654	1.1362	332.59	0.25151	16.712	0.025008	supercritical
258.10	40.000	53.354	0.018743	181.11	256.08	5.5565	0.75649	1.1358	332.82	0.25088	16.726	0.025028	supercritical
258.42	40.000	53.276	0.018770	181.37	256.45	5.5580	0.75644	1.1355	333.05	0.25025	16.741	0.025047	supercritical
258.75	40.000	53.199	0.018797	181.63	256.82	5.5594	0.75640	1.1352	333.28	0.24962	16.756	0.025067	supercritical
259.07	40.000	53.123	0.018824	181.89	257.19	5.5608	0.75635	1.1348	333.51	0.24899	16.770	0.025087	supercritical
259.40	40.000	53.046	0.018852	182.15	257.55	5.5622	0.75631	1.1345	333.74	0.24836	16.785	0.025107	supercritical
259.72	40.000	52.970	0.018879	182.41	257.92	5.5636	0.75626	1.1342	333.97	0.24774	16.799	0.025127	supercritical
260.05	40.000	52.894	0.018906	182.67	258.29	5.5651	0.75622	1.1339	334.20	0.24711	16.814	0.025147	supercritical
260.37	40.000	52.818	0.018933	182.93	258.66	5.5665	0.75617	1.1335	334.43	0.24649	16.828	0.025166	supercritical
260.70	40.000	52.743	0.018960	183.19	259.03	5.5679	0.75613	1.1332	334.66	0.24588	16.843	0.025186	supercritical
261.02	40.000	52.667	0.018987	183.45	259.40	5.5693	0.75608	1.1329	334.89	0.24526	16.857	0.025206	supercritical
261.35	40.000	52.592	0.019014	183.71	259.76	5.5707	0.75604	1.1326	335.12	0.24464	16.872	0.025226	supercritical
261.67	40.000	52.517	0.019041	183.97	260.13	5.5721	0.75600	1.1323	335.35	0.24403	16.886	0.025246	supercritical
262.00	40.000	52.443	0.019068	184.23	260.50	5.5735	0.75595	1.1320	335.58	0.24342	16.901	0.025266	supercritical
262.32	40.000	52.368	0.019095	184.49	260.87	5.5749	0.75591	1.1316	335.81	0.24281	16.915	0.025285	supercritical
262.65	40.000	52.294	0.019123	184.75	261.24	5.5763	0.75587	1.1313	336.04	0.24220	16.930	0.025305	supercritical
262.97	40.000	52.221	0.019150	185.01	261.60	5.5777	0.75583	1.1310	336.27	0.24159	16.944	0.025325	supercritical
263.30	40.000	52.147	0.019177	185.27	261.97	5.5791	0.75578	1.1307	336.50	0.24099	16.959	0.025345	supercritical
263.62	40.000	52.073	0.019204	185.52	262.34	5.5805	0.75574	1.1304	336.72	0.24039	16.973	0.025365	supercritical
263.95	40.000	52.000	0.019231	185.78	262.71	5.5819	0.75570	1.1301	336.95	0.23979	16.988	0.025385	supercritical
264.27	40.000	51.927	0.019258	186.04	263.07	5.5833	0.75566	1.1298	337.18	0.23919	17.002	0.025404	supercritical
264.60	40.000	51.855	0.019285	186.30	263.44	5.5847	0.75562	1.1295	337.41	0.23859	17.017	0.025424	supercritical
264.92	40.000	51.782	0.019312	186.56	263.81	5.5861	0.75558	1.1292	337.63	0.23800	17.031	0.025444	supercritical
265.25	40.000	51.710	0.019339	186.82	264.17	5.5875	0.75554	1.1289	337.86	0.23740	17.046	0.025464	supercritical
265.57	40.000	51.638	0.019366	187.08	264.54	5.5888	0.75550	1.1286	338.08	0.23681	17.060	0.025484	supercritical
265.90	40.000	51.566	0.019393	187.34	264.91	5.5902	0.75546	1.1283	338.31	0.23622	17.075	0.025504	supercritical
266.22	40.000	51.495	0.019420	187.60	265.28	5.5916	0.75542	1.1280	338.54	0.23563	17.089	0.025523	supercritical
266.55	40.000	51.423	0.019446	187.86	265.64	5.5930	0.75538	1.1277	338.76	0.23505	17.104	0.025543	supercritical
266.87	40.000	51.352	0.019473	188.11	266.01	5.5944	0.75534	1.1274	338.99	0.23446	17.118	0.025563	supercritical
267.20	40.000	51.281	0.019500	188.37	266.37	5.5957	0.75530	1.1272	339.21	0.23388	17.133	0.025583	supercritical
267.52	40.000	51.210	0.019527	188.63	266.74	5.5971	0.75526	1.1269	339.44	0.23330	17.147	0.025602	supercritical
267.85	40.000	51.140	0.019554	188.89	267.11	5.5985	0.75522	1.1266	339.66	0.23272	17.162	0.025622	supercritical
268.17	40.000	51.070	0.019581	189.15	267.47	5.5998	0.75518	1.1263	339.89	0.23214	17.176	0.025642	supercritical
268.50	40.000	51.000	0.019608	189.41	267.84	5.6012	0.75515	1.1260	340.11	0.23156	17.191	0.025662	supercritical
268.82	40.000	50.930	0.019635	189.67	268.20	5.6026	0.75511	1.1257	340.34	0.23099	17.205	0.025682	supercritical
269.15	40.000	50.860	0.019662	189.92	268.57	5.6039	0.75507	1.1255	340.56	0.23042	17.220	0.025701	supercritical
269.47	40.000	50.791	0.019689	190.18	268.94	5.6053	0.75503	1.1252	340.78	0.22984	17.234	0.025721	supercritical
269.80	40.000	50.722	0.019715	190.44	269.30	5.6066	0.75500	1.1249	341.01	0.22927	17.248	0.025741	supercritical
270.12	40.000	50.653	0.019742	190.70	269.67	5.6080	0.75496	1.1246	341.23	0.22871	17.263	0.025761	supercritical
270.45	40.000	50.584	0.019769	190.96	270.03	5.6093	0.75492	1.1244	341.45	0.22814	17.277	0.025781	supercritical
270.77	40.000	50.515	0.019796	191.21	270.40	5.6107	0.75489	1.1241	341.68	0.22758	17.292	0.025800	supercritical
271.10	40.000	50.447	0.019823	191.47	270.76	5.6120	0.75485	1.1238	341.90	0.22701	17.306	0.025820	supercritical
271.42	40.000	50.379	0.019850	191.73	271.13	5.6134	0.75481	1.1235	342.12	0.22645	17.321	0.025840	supercritical
271.75	40.000	50.311	0.019876	191.99	271.49	5.6147	0.75478	1.1233	342.34	0.22589	17.335	0.025860	supercritical
272.07	40.000	50.243	0.019903	192.25	271.86	5.6161	0.75474	1.1230	342.56	0.22533	17.349	0.025879	supercritical
272.40	40.000	50.175	0.019930	192.50	272.22	5.6174	0.75471	1.1227	342.79	0.22478	17.364	0.025899	supercritical
272.72	40.000	50.108	0.019957	192.76	272.59	5.6187	0.75467	1.1225	343.01	0.22422	17.378	0.025919	supercritical
273.05	40.000	50.041	0.019984	193.02	272.95	5.6201	0.75464	1.1222	343.23	0.22367	17.393	0.025939	supercritical
273.37	40.000	49.974	0.020010	193.28	273.32	5.6214	0.75460	1.1220	343.45	0.22312	17.407	0.025958	supercritical
273.70	40.000	49.907	0.020037	193.53	273.68	5.6228	0.75457	1.1217	343.67	0.22256	17.421	0.025978	supercritical
274.02	40.000	49.841	0.020064	193.79	274.05	5.6241	0.75453	1.1214	343.89	0.22202	17.436	0.025998	supercritical
274.35	40.000	49.774	0.020091	194.05	274.41	5.6254	0.75450	1.1212	344.11	0.22147	17.450	0.026018	supercritical
274.67	40.000	49.708	0.020117	194.31	274.78	5.6267	0.75447	1.1209	344.33	0.22092	17.465	0.026037	supercritical
275.00	40.000	49.642	0.020144	194.56	275.14	5.6281	0.75443	1.1207	344.55	0.22038	17.479	0.026057	supercritical
275.32	40.000	49.577	0.020171	194.82	275.50	5.6294	0.75440	1.1204	344.77	0.21984	17.493	0.026077	supercritical
275.65	40.000	49.511	0.020198	195.08	275.87	5.6307	0.75437	1.1202	344.99	0.21930	17.508	0.026096	supercritical
275.97	40.000	49.446	0.020224	195.34	276.23	5.6320	0.75433	1.1199	345.21	0.21876	17.522	0.026116	supercritical
276.30	40.000	49.380	0.020251	195.59	276.60	5.6333	0.75430	1.1197	345.43	0.21822	17.536	0.026136	supercritical
276.62	40.000	49.315	0.020278	195.85	276.96	5.6347	0.75427	1.1194	345.65	0.21768	17.551	0.026156	supercritical
276.95	40.000	49.251	0.020304	196.11	277.32	5.6360	0.75424	1.1192	345.87	0.21715	17.565	0.026175	supercritical
277.27	40.000	49.186	0.020331	196.36	277.69	5.6373	0.75421	1.1189	346.08	0.21661	17.580	0.026195	supercritical
277.60	40.000	49.122	0.020358	196.62	278.05	5.6386	0.75417	1.1187	346.30	0.21608	17.594	0.026215	supercritical
277.92	40.000	49.057	0.020384	196.88	278.42	5.6399	0.75414	1.1184	346.52	0.21555	17.608	0.026234	supercritical
278.25	40.000	48.993	0.020411	197.13	278.78	5.6412	0.75411	1.1182	346.74	0.21502	17.623	0.026254	supercritical
278.57	40.000	48.929	0.020438	197.39	279.14	5.6425	0.75408	1.1180	346.96	0.21449	17.637	0.026274	supercritical
278.90	40.000	48.866	0.020464	197.65	279.51	5.6438	0.75405	1.1177	347.17	0.21397	17.651	0.026294	supercritical
279.22	40.000	48.802	0.020491	197.90	279.87	5.6451	0.75402	1.1175	347.39	0.21344	17.666	0.026313	supercritical
279.55	40.000	48.739	0.020518	198.16	280.23	5.6464	0.75399	1.1172	347.61	0.21292	17.680	0.026333	supercritical
279.87	40.000	48.676	0.020544	198.42	280.59	5.6477	0.75396	1.1170	347.82	0.21240	17.694	0.026353	supercritical
280.20	40.000	48.613	0.020571	198.67	280.96	5.6490	0.75393	1.1168	348.04	0.21188	17.709	0.026372	supercritical
280.52	40.000	48.550	0.020597	198.93	281.32	5.6503	0.75390	1.1165	348.26	0.21136	17.723	0.026392	supercritical
280.85	40.000	48.487	0.020624	199.19	281.68	5.6516	0.75387	1.1163	348.47	0.21084	17.737	0.026412	supercritical
281.17	40.000	48.425	0.020651	199.44	282.05	5.6529	0.75384	1.1161	348.69	0.21032	17.752	0.026431	supercritical
281.50	40.000	48.363	0.020677	199.70	282.41	5.6542	0.75381	1.1158	348.90	0.20981	17.766	0.026451	supercritical
281.82	40.000	48.301	0.020704	199.96	282.77	5.6555	0.75378	1.1156	349.12	0.20930	17.780	0.026471	supercritical
282.15	40.000	48.239	0.020730	200.21	283.13	5.6568	0.75375	1.1154	349.34	0.20878	17.794	0.026490	supercritical
282.47	40.000	48.177	0.020757	200.47	283.50	5.6580	0.75372	1.1152	349.55	0.20827	17.809	0.026510	supercritical
282.80	40.000	48.115	0.020783	200.73	283.86	5.6593	0.75369	1.1149	349.77	0.20776	17.823	0.026530	supercritical
283.12	40.000	48.054	0.020810	200.98	284.22	5.6606	0.75366	1.1147	349.98	0.20726	17.837	0.026549	supercritical
283.45	40.000	47.993	0.020836	201.24	284.58	5.6619	0.75364	1.1145	350.20	0.20675	17.852	0.026569	supercritical
283.77	40.000	47.932	0.020863	201.49	284.95	5.6632	0.75361	1.1143	350.41	0.20624	17.866	0.026589	supercritical
284.10	40.000	47.871	0.020889	201.75	285.31	5.6644	0.75358	1.1140	350.62	0.20574	17.880	0.026608	supercritical
284.42	40.000	47.810	0.020916	202.01	285.67	5.6657	0.75355	1.1138	350.84	0.20524	17.894	0.026628	supercritical
284.75	40.000	47.750	0.020942	202.26	286.03	5.6670	0.75352	1.1136	351.05	0.20474	17.909	0.026648	supercritical
285.07	40.000	47.689	0.020969	202.52	286.39	5.6683	0.75350	1.1134	351.27	0.20424	17.923	0.026667	supercritical
285.40	40.000	47.629	0.020995	202.77	286.76	5.6695	0.75347	1.1132	351.48	0.20374	17.937	0.026687	supercritical
285.72	40.000	47.569	0.021022	203.03	287.12	5.6708	0.75344	1.1130	351.69	0.20324	17.951	0.026706	supercritical
286.05	40.000	47.509	0.021048	203.29	287.48	5.6721	0.75342	1.1127	351.90	0.20275	17.966	0.026726	supercritical
286.37	40.000	47.450	0.021075	203.54	287.84	5.6733	0.75339	1.1125	352.12	0.20225	17.980	0.026746	supercritical
286.70	40.000	47.390	0.021101	203.80	288.20	5.6746	0.75336	1.1123	352.33	0.20176	17.994	0.026765	supercritical
287.02	40.000	47.331	0.021128	204.05	288.56	5.6758	0.75334	1.1121	352.54	0.20127	18.008	0.026785	supercritical
287.35	40.000	47.272	0.021154	204.31	288.92	5.6771	0.75331	1.1119	352.76	0.20078	18.023	0.026805	supercritical
287.67	40.000	47.213	0.021181	204.56	289.29	5.6784	0.75328	1.1117	352.97	0.20029	18.037	0.026824	supercritical
288.00	40.000	47.154	0.021207	204.82	289.65	5.6796	0.75326	1.1115	353.18	0.19980	18.051	0.026844	supercritical