Temperature (K)	Pressure (bar)	Density (kg/m3)	Volume (m3/kg)	Internal Energy (kJ/kg)	Enthalpy (kJ/kg)	Entropy (J/g*K)	Cv (J/g*K)	Cp (J/g*K)	Sound Spd. (m/s)	Joule-Thomson (K/bar)	Viscosity (uPa*s)	Therm. Cond. (W/m*K)	Phase
70.000	40.000	846.43	0.0011814	-138.63	-133.90	2.6088	1.1399	1.9872	952.71	-0.039385	233.07	0.16560	liquid
70.717	40.000	843.50	0.0011855	-137.22	-132.48	2.6290	1.1352	1.9883	945.93	-0.039136	225.69	0.16405	liquid
71.433	40.000	840.55	0.0011897	-135.81	-131.05	2.6491	1.1305	1.9894	939.15	-0.038878	218.66	0.16251	liquid
72.150	40.000	837.60	0.0011939	-134.40	-129.63	2.6689	1.1259	1.9907	932.39	-0.038611	211.94	0.16098	liquid
72.867	40.000	834.63	0.0011981	-132.99	-128.20	2.6886	1.1214	1.9920	925.62	-0.038334	205.52	0.15945	liquid
73.583	40.000	831.64	0.0012024	-131.58	-126.77	2.7081	1.1169	1.9934	918.86	-0.038047	199.38	0.15793	liquid
74.300	40.000	828.65	0.0012068	-130.17	-125.34	2.7274	1.1124	1.9949	912.10	-0.037750	193.52	0.15642	liquid
75.017	40.000	825.63	0.0012112	-128.76	-123.91	2.7466	1.1080	1.9965	905.35	-0.037442	187.91	0.15491	liquid
75.733	40.000	822.61	0.0012156	-127.35	-122.48	2.7656	1.1036	1.9983	898.58	-0.037123	182.54	0.15341	liquid
76.450	40.000	819.56	0.0012202	-125.93	-121.05	2.7844	1.0993	2.0001	891.82	-0.036792	177.40	0.15192	liquid
77.167	40.000	816.51	0.0012247	-124.51	-119.62	2.8031	1.0951	2.0020	885.05	-0.036450	172.47	0.15043	liquid
77.883	40.000	813.43	0.0012294	-123.10	-118.18	2.8216	1.0909	2.0041	878.28	-0.036094	167.75	0.14895	liquid
78.600	40.000	810.35	0.0012340	-121.68	-116.74	2.8400	1.0867	2.0063	871.49	-0.035726	163.22	0.14747	liquid
79.317	40.000	807.24	0.0012388	-120.26	-115.30	2.8582	1.0826	2.0086	864.70	-0.035344	158.87	0.14600	liquid
80.033	40.000	804.12	0.0012436	-118.84	-113.86	2.8763	1.0786	2.0111	857.90	-0.034948	154.70	0.14454	liquid
80.750	40.000	800.98	0.0012485	-117.42	-112.42	2.8942	1.0746	2.0137	851.09	-0.034537	150.69	0.14308	liquid
81.467	40.000	797.82	0.0012534	-115.99	-110.98	2.9120	1.0707	2.0165	844.27	-0.034111	146.84	0.14163	liquid
82.183	40.000	794.64	0.0012584	-114.57	-109.53	2.9297	1.0668	2.0194	837.43	-0.033670	143.13	0.14018	liquid
82.900	40.000	791.45	0.0012635	-113.14	-108.08	2.9472	1.0630	2.0225	830.57	-0.033211	139.57	0.13874	liquid
83.617	40.000	788.23	0.0012687	-111.71	-106.63	2.9647	1.0592	2.0257	823.70	-0.032735	136.13	0.13734	liquid
84.333	40.000	785.00	0.0012739	-110.28	-105.18	2.9820	1.0555	2.0291	816.82	-0.032242	132.82	0.13593	liquid
85.050	40.000	781.74	0.0012792	-108.84	-103.72	2.9991	1.0518	2.0327	809.91	-0.031729	129.64	0.13452	liquid
85.767	40.000	778.47	0.0012846	-107.40	-102.27	3.0162	1.0482	2.0365	802.98	-0.031197	126.56	0.13311	liquid
86.483	40.000	775.17	0.0012900	-105.97	-100.80	3.0332	1.0446	2.0405	796.03	-0.030644	123.60	0.13171	liquid
87.200	40.000	771.85	0.0012956	-104.52	-99.341	3.0500	1.0411	2.0447	789.06	-0.030070	120.73	0.13031	liquid
87.917	40.000	768.50	0.0013012	-103.08	-97.874	3.0668	1.0376	2.0492	782.06	-0.029473	117.96	0.12892	liquid
88.633	40.000	765.13	0.0013070	-101.63	-96.404	3.0834	1.0342	2.0538	775.04	-0.028853	115.29	0.12753	liquid
89.350	40.000	761.74	0.0013128	-100.18	-94.930	3.1000	1.0309	2.0587	767.99	-0.028209	112.70	0.12615	liquid
90.067	40.000	758.32	0.0013187	-98.728	-93.453	3.1165	1.0276	2.0639	760.92	-0.027538	110.20	0.12477	liquid
90.783	40.000	754.87	0.0013247	-97.271	-91.972	3.1329	1.0243	2.0693	753.81	-0.026841	107.78	0.12340	liquid
91.500	40.000	751.40	0.0013309	-95.810	-90.487	3.1491	1.0211	2.0750	746.67	-0.026116	105.43	0.12203	liquid
92.217	40.000	747.89	0.0013371	-94.346	-88.998	3.1654	1.0180	2.0809	739.50	-0.025360	103.15	0.12067	liquid
92.933	40.000	744.36	0.0013434	-92.878	-87.504	3.1815	1.0149	2.0872	732.29	-0.024574	100.94	0.11931	liquid
93.650	40.000	740.80	0.0013499	-91.406	-86.006	3.1975	1.0119	2.0938	725.04	-0.023755	98.798	0.11795	liquid
94.367	40.000	737.20	0.0013565	-89.929	-84.503	3.2135	1.0089	2.1008	717.76	-0.022901	96.716	0.11660	liquid
95.083	40.000	733.57	0.0013632	-88.448	-82.995	3.2295	1.0060	2.1081	710.44	-0.022011	94.693	0.11526	liquid
95.800	40.000	729.91	0.0013700	-86.961	-81.481	3.2453	1.0031	2.1158	703.08	-0.021083	92.725	0.11391	liquid
96.517	40.000	726.20	0.0013770	-85.470	-79.962	3.2611	1.0003	2.1239	695.67	-0.020114	90.810	0.11257	liquid
97.233	40.000	722.47	0.0013841	-83.973	-78.437	3.2769	0.99753	2.1324	688.21	-0.019103	88.945	0.11124	liquid
97.950	40.000	718.69	0.0013914	-82.471	-76.906	3.2926	0.99483	2.1413	680.71	-0.018047	87.128	0.10991	liquid
98.667	40.000	714.87	0.0013989	-80.963	-75.368	3.3082	0.99218	2.1508	673.16	-0.016943	85.357	0.10858	liquid
99.383	40.000	711.01	0.0014065	-79.448	-73.823	3.3238	0.98960	2.1607	665.55	-0.015788	83.629	0.10726	liquid
100.10	40.000	707.10	0.0014142	-77.927	-72.270	3.3394	0.98707	2.1712	657.89	-0.014580	81.942	0.10594	liquid
100.82	40.000	703.15	0.0014222	-76.399	-70.710	3.3549	0.98461	2.1823	650.17	-0.013315	80.294	0.10462	liquid
101.53	40.000	699.15	0.0014303	-74.863	-69.142	3.3704	0.98221	2.1940	642.39	-0.011990	78.682	0.10331	liquid
102.25	40.000	695.09	0.0014387	-73.320	-67.565	3.3859	0.97988	2.2063	634.55	-0.010601	77.106	0.10199	liquid
102.97	40.000	690.99	0.0014472	-71.768	-65.980	3.4013	0.97761	2.2194	626.64	-0.0091430	75.563	0.10069	liquid
103.68	40.000	686.82	0.0014560	-70.208	-64.384	3.4168	0.97541	2.2332	618.66	-0.0076121	74.051	0.099378	liquid
104.40	40.000	682.60	0.0014650	-68.638	-62.778	3.4322	0.97328	2.2479	610.61	-0.0060031	72.569	0.098073	liquid
105.12	40.000	678.31	0.0014742	-67.059	-61.162	3.4476	0.97122	2.2634	602.49	-0.0043106	71.115	0.096770	liquid
105.83	40.000	673.96	0.0014838	-65.469	-59.534	3.4631	0.96925	2.2798	594.28	-0.0025285	69.687	0.095468	liquid
106.55	40.000	669.54	0.0014936	-63.868	-57.894	3.4785	0.96735	2.2973	585.99	-0.00065022	68.284	0.094167	liquid
107.27	40.000	665.04	0.0015037	-62.256	-56.241	3.4940	0.96554	2.3160	577.61	0.0013317	66.904	0.092867	liquid
107.98	40.000	660.47	0.0015141	-60.630	-54.574	3.5095	0.96381	2.3358	569.13	0.0034252	65.546	0.091568	liquid
108.70	40.000	655.81	0.0015248	-58.992	-52.893	3.5250	0.96218	2.3570	560.56	0.0056394	64.208	0.090269	liquid
109.42	40.000	651.06	0.0015359	-57.339	-51.195	3.5405	0.96066	2.3796	551.88	0.0079842	62.888	0.088970	liquid
110.13	40.000	646.22	0.0015474	-55.671	-49.481	3.5561	0.95923	2.4039	543.10	0.010471	61.586	0.087671	liquid
110.85	40.000	641.28	0.0015594	-53.987	-47.749	3.5718	0.95792	2.4299	534.19	0.013112	60.300	0.086370	liquid
111.57	40.000	636.24	0.0015717	-52.285	-45.998	3.5876	0.95673	2.4578	525.17	0.015922	59.028	0.085068	liquid
112.28	40.000	631.07	0.0015846	-50.564	-44.226	3.6034	0.95568	2.4880	516.01	0.018916	57.770	0.083764	liquid
113.00	40.000	625.78	0.0015980	-48.823	-42.431	3.6193	0.95477	2.5206	506.71	0.022113	56.522	0.082457	liquid
113.72	40.000	620.36	0.0016120	-47.060	-40.613	3.6354	0.95401	2.5559	497.27	0.025534	55.284	0.081147	liquid
114.43	40.000	614.80	0.0016266	-45.273	-38.767	3.6516	0.95342	2.5943	487.66	0.029202	54.055	0.079833	liquid
115.15	40.000	609.07	0.0016418	-43.461	-36.893	3.6679	0.95302	2.6362	477.89	0.033146	52.832	0.078514	liquid
115.87	40.000	603.17	0.0016579	-41.619	-34.988	3.6844	0.95282	2.6822	467.93	0.037396	51.614	0.077190	liquid
116.58	40.000	597.09	0.0016748	-39.747	-33.048	3.7011	0.95285	2.7327	457.77	0.041992	50.399	0.075859	liquid
117.30	40.000	590.80	0.0016926	-37.840	-31.069	3.7180	0.95314	2.7886	447.40	0.046978	49.184	0.074520	liquid
118.02	40.000	584.27	0.0017115	-35.895	-29.049	3.7352	0.95370	2.8508	436.80	0.052406	47.968	0.073173	liquid
118.73	40.000	577.50	0.0017316	-33.908	-26.982	3.7526	0.95459	2.9204	425.94	0.058341	46.748	0.071816	liquid
119.45	40.000	570.43	0.0017531	-31.873	-24.861	3.7704	0.95584	2.9989	414.79	0.064861	45.521	0.070447	liquid
120.17	40.000	563.04	0.0017761	-29.785	-22.681	3.7886	0.95751	3.0882	403.34	0.072062	44.283	0.069065	liquid
120.88	40.000	555.28	0.0018009	-27.635	-20.432	3.8073	0.95968	3.1907	391.53	0.080063	43.031	0.067668	liquid
121.60	40.000	547.10	0.0018278	-25.415	-18.103	3.8265	0.96244	3.3097	379.32	0.089018	41.760	0.066255	liquid
122.32	40.000	538.41	0.0018573	-23.112	-15.683	3.8463	0.96591	3.4500	366.66	0.099124	40.463	0.064824	liquid
123.03	40.000	529.14	0.0018899	-20.711	-13.152	3.8670	0.97028	3.6181	353.46	0.11064	39.135	0.063374	liquid
123.75	40.000	519.14	0.0019262	-18.193	-10.488	3.8886	0.97577	3.8236	339.65	0.12392	37.764	0.061903	liquid
124.47	40.000	508.27	0.0019675	-15.529	-7.6587	3.9114	0.98273	4.0816	325.10	0.13946	36.339	0.060414	liquid
125.18	40.000	496.26	0.0020151	-12.680	-4.6192	3.9357	0.99164	4.4162	309.66	0.15797	34.841	0.058912	liquid
125.90	40.000	482.76	0.0020714	-9.5864	-1.3008	3.9621	1.0033	4.8694	293.12	0.18052	33.244	0.057411	liquid
126.62	40.000	467.20	0.0021404	-6.1549	2.4068	3.9915	1.0189	5.5201	275.18	0.20882	31.508	0.055948	supercritical
127.33	40.000	448.55	0.0022294	-2.2211	6.6964	4.0253	1.0409	6.5333	255.47	0.24573	29.566	0.054605	supercritical
128.05	40.000	424.90	0.0023535	2.5333	11.947	4.0664	1.0735	8.3030	233.49	0.29650	27.296	0.053565	supercritical
128.77	40.000	392.05	0.0025507	8.8146	19.017	4.1214	1.1251	11.878	209.12	0.37112	24.467	0.053136	supercritical
129.48	40.000	342.26	0.0029218	18.077	29.764	4.2047	1.1943	18.298	186.51	0.48274	20.805	0.052826	supercritical
130.20	40.000	285.90	0.0034977	29.121	43.111	4.3075	1.1974	16.765	179.26	0.59914	17.448	0.047473	supercritical
130.92	40.000	250.03	0.0039995	36.994	52.992	4.3831	1.1483	11.233	181.30	0.67018	15.702	0.040699	supercritical
131.63	40.000	228.17	0.0043828	42.306	59.837	4.4353	1.1037	8.1919	184.32	0.71036	14.783	0.036152	supercritical
132.35	40.000	213.08	0.0046930	46.277	65.049	4.4748	1.0682	6.5021	187.20	0.73453	14.214	0.033082	supercritical
133.07	40.000	201.72	0.0049573	49.478	69.307	4.5069	1.0396	5.4547	189.86	0.74955	13.823	0.030874	supercritical
133.78	40.000	192.66	0.0051904	52.186	72.948	4.5342	1.0162	4.7470	192.30	0.75884	13.536	0.029202	supercritical
134.50	40.000	185.15	0.0054010	54.554	76.158	4.5581	0.99670	4.2379	194.58	0.76429	13.316	0.027888	supercritical
135.22	40.000	178.74	0.0055946	56.673	79.052	4.5796	0.98010	3.8541	196.71	0.76705	13.142	0.026826	supercritical
135.93	40.000	173.17	0.0057747	58.603	81.702	4.5991	0.96578	3.5542	198.73	0.76786	13.001	0.025949	supercritical
136.65	40.000	168.24	0.0059440	60.384	84.160	4.6171	0.95329	3.3133	200.64	0.76721	12.886	0.025214	supercritical
137.37	40.000	163.82	0.0061042	62.045	86.461	4.6339	0.94226	3.1153	202.47	0.76546	12.790	0.024588	supercritical
138.08	40.000	159.82	0.0062569	63.606	88.633	4.6497	0.93243	2.9496	204.22	0.76287	12.710	0.024050	supercritical
138.80	40.000	156.18	0.0064030	65.083	90.695	4.6646	0.92361	2.8087	205.91	0.75961	12.643	0.023585	supercritical
139.52	40.000	152.82	0.0065436	66.489	92.664	4.6788	0.91563	2.6874	207.54	0.75583	12.586	0.023178	supercritical
140.23	40.000	149.72	0.0066792	67.834	94.551	4.6922	0.90837	2.5818	209.12	0.75165	12.539	0.022821	supercritical
140.95	40.000	146.83	0.0068104	69.126	96.367	4.7052	0.90172	2.4890	210.65	0.74715	12.499	0.022506	supercritical
141.67	40.000	144.14	0.0069377	70.370	98.121	4.7176	0.89561	2.4067	212.13	0.74240	12.465	0.022227	supercritical
142.38	40.000	141.61	0.0070615	71.573	99.819	4.7295	0.88995	2.3333	213.58	0.73744	12.437	0.021980	supercritical
143.10	40.000	139.24	0.0071821	72.739	101.47	4.7411	0.88471	2.2672	215.00	0.73234	12.414	0.021759	supercritical
143.82	40.000	136.99	0.0072998	73.871	103.07	4.7523	0.87982	2.2075	216.38	0.72712	12.396	0.021562	supercritical
144.53	40.000	134.86	0.0074149	74.973	104.63	4.7631	0.87525	2.1532	217.73	0.72181	12.381	0.021385	supercritical
145.25	40.000	132.85	0.0075275	76.047	106.16	4.7736	0.87097	2.1037	219.05	0.71643	12.370	0.021227	supercritical
145.97	40.000	130.93	0.0076379	77.097	107.65	4.7839	0.86695	2.0582	220.34	0.71102	12.362	0.021086	supercritical
146.68	40.000	129.09	0.0077463	78.123	109.11	4.7938	0.86316	2.0164	221.61	0.70557	12.356	0.020959	supercritical
147.40	40.000	127.34	0.0078527	79.129	110.54	4.8036	0.85958	1.9778	222.86	0.70011	12.353	0.020845	supercritical
148.12	40.000	125.67	0.0079573	80.115	111.94	4.8131	0.85619	1.9420	224.08	0.69464	12.353	0.020743	supercritical
148.83	40.000	124.07	0.0080603	81.083	113.32	4.8224	0.85298	1.9087	225.28	0.68918	12.354	0.020652	supercritical
149.55	40.000	122.52	0.0081617	82.034	114.68	4.8315	0.84993	1.8776	226.47	0.68374	12.357	0.020570	supercritical
150.27	40.000	121.04	0.0082616	82.969	116.02	4.8404	0.84702	1.8486	227.63	0.67831	12.362	0.020497	supercritical
150.98	40.000	119.62	0.0083601	83.890	117.33	4.8491	0.84426	1.8215	228.78	0.67292	12.369	0.020432	supercritical
151.70	40.000	118.24	0.0084573	84.797	118.63	4.8577	0.84162	1.7960	229.91	0.66755	12.377	0.020374	supercritical
152.42	40.000	116.91	0.0085533	85.692	119.91	4.8661	0.83909	1.7720	231.02	0.66222	12.387	0.020323	supercritical
153.13	40.000	115.63	0.0086481	86.574	121.17	4.8743	0.83668	1.7494	232.12	0.65693	12.398	0.020278	supercritical
153.85	40.000	114.39	0.0087419	87.445	122.41	4.8824	0.83437	1.7280	233.21	0.65168	12.410	0.020239	supercritical
154.57	40.000	113.19	0.0088345	88.306	123.64	4.8904	0.83215	1.7079	234.28	0.64647	12.423	0.020205	supercritical
155.28	40.000	112.03	0.0089262	89.156	124.86	4.8983	0.83003	1.6887	235.33	0.64131	12.437	0.020176	supercritical
156.00	40.000	110.90	0.0090169	89.997	126.06	4.9060	0.82798	1.6706	236.38	0.63619	12.452	0.020151	supercritical
156.72	40.000	109.81	0.0091067	90.829	127.26	4.9136	0.82602	1.6534	237.41	0.63113	12.468	0.020130	supercritical
157.43	40.000	108.75	0.0091956	91.652	128.43	4.9211	0.82413	1.6370	238.42	0.62611	12.485	0.020113	supercritical
158.15	40.000	107.72	0.0092837	92.467	129.60	4.9285	0.82231	1.6214	239.43	0.62114	12.502	0.020099	supercritical
158.87	40.000	106.71	0.0093711	93.275	130.76	4.9358	0.82056	1.6065	240.43	0.61622	12.520	0.020089	supercritical
159.58	40.000	105.73	0.0094576	94.075	131.91	4.9430	0.81887	1.5923	241.41	0.61136	12.539	0.020081	supercritical
160.30	40.000	104.78	0.0095434	94.867	133.04	4.9501	0.81724	1.5787	242.38	0.60654	12.559	0.020077	supercritical
161.02	40.000	103.86	0.0096286	95.654	134.17	4.9572	0.81566	1.5657	243.35	0.60177	12.579	0.020075	supercritical
161.73	40.000	102.95	0.0097130	96.433	135.29	4.9641	0.81414	1.5533	244.30	0.59706	12.600	0.020075	supercritical
162.45	40.000	102.07	0.0097968	97.207	136.39	4.9709	0.81267	1.5413	245.25	0.59240	12.622	0.020078	supercritical
163.17	40.000	101.21	0.0098800	97.975	137.49	4.9777	0.81125	1.5299	246.18	0.58778	12.643	0.020083	supercritical
163.88	40.000	100.37	0.0099626	98.737	138.59	4.9844	0.80988	1.5189	247.11	0.58322	12.666	0.020090	supercritical
164.60	40.000	99.555	0.010045	99.493	139.67	4.9910	0.80854	1.5084	248.02	0.57871	12.689	0.020099	supercritical
165.32	40.000	98.754	0.010126	100.24	140.75	4.9975	0.80726	1.4982	248.93	0.57424	12.712	0.020110	supercritical
166.03	40.000	97.971	0.010207	100.99	141.82	5.0040	0.80601	1.4885	249.83	0.56983	12.736	0.020122	supercritical
166.75	40.000	97.206	0.010287	101.73	142.88	5.0103	0.80480	1.4791	250.73	0.56546	12.760	0.020136	supercritical
167.47	40.000	96.456	0.010367	102.47	143.94	5.0167	0.80362	1.4700	251.61	0.56115	12.784	0.020151	supercritical
168.18	40.000	95.723	0.010447	103.20	144.99	5.0229	0.80248	1.4613	252.49	0.55688	12.809	0.020168	supercritical
168.90	40.000	95.005	0.010526	103.93	146.03	5.0291	0.80138	1.4528	253.36	0.55266	12.835	0.020186	supercritical
169.62	40.000	94.302	0.010604	104.66	147.07	5.0353	0.80030	1.4447	254.22	0.54848	12.860	0.020205	supercritical
170.33	40.000	93.612	0.010682	105.38	148.11	5.0413	0.79926	1.4368	255.08	0.54436	12.886	0.020225	supercritical
171.05	40.000	92.937	0.010760	106.09	149.13	5.0473	0.79825	1.4292	255.93	0.54027	12.912	0.020247	supercritical
171.77	40.000	92.275	0.010837	106.80	150.15	5.0533	0.79727	1.4219	256.77	0.53624	12.938	0.020269	supercritical
172.48	40.000	91.625	0.010914	107.51	151.17	5.0592	0.79631	1.4148	257.61	0.53225	12.965	0.020293	supercritical
173.20	40.000	90.988	0.010990	108.22	152.18	5.0651	0.79538	1.4079	258.44	0.52830	12.992	0.020317	supercritical
173.92	40.000	90.362	0.011067	108.92	153.19	5.0709	0.79448	1.4012	259.26	0.52439	13.019	0.020342	supercritical
174.63	40.000	89.748	0.011142	109.62	154.19	5.0766	0.79360	1.3948	260.08	0.52053	13.047	0.020368	supercritical
175.35	40.000	89.146	0.011218	110.32	155.19	5.0823	0.79274	1.3885	260.89	0.51671	13.074	0.020395	supercritical
176.07	40.000	88.554	0.011293	111.01	156.18	5.0880	0.79191	1.3824	261.70	0.51294	13.102	0.020423	supercritical
176.78	40.000	87.972	0.011367	111.70	157.17	5.0936	0.79109	1.3765	262.50	0.50920	13.130	0.020451	supercritical
177.50	40.000	87.400	0.011442	112.39	158.15	5.0991	0.79030	1.3708	263.30	0.50550	13.159	0.020480	supercritical
178.22	40.000	86.839	0.011516	113.07	159.13	5.1046	0.78953	1.3652	264.09	0.50185	13.187	0.020510	supercritical
178.93	40.000	86.286	0.011589	113.75	160.11	5.1101	0.78878	1.3598	264.87	0.49823	13.216	0.020540	supercritical
179.65	40.000	85.743	0.011663	114.43	161.08	5.1155	0.78805	1.3546	265.65	0.49466	13.244	0.020570	supercritical
180.37	40.000	85.209	0.011736	115.11	162.05	5.1209	0.78733	1.3495	266.42	0.49112	13.273	0.020602	supercritical
181.08	40.000	84.684	0.011809	115.78	163.02	5.1263	0.78664	1.3445	267.19	0.48762	13.303	0.020634	supercritical
181.80	40.000	84.167	0.011881	116.45	163.98	5.1316	0.78596	1.3397	267.96	0.48415	13.332	0.020666	supercritical
182.52	40.000	83.658	0.011953	117.12	164.94	5.1368	0.78529	1.3350	268.72	0.48073	13.361	0.020699	supercritical
183.23	40.000	83.157	0.012025	117.79	165.89	5.1420	0.78465	1.3304	269.47	0.47734	13.391	0.020732	supercritical
183.95	40.000	82.664	0.012097	118.46	166.84	5.1472	0.78402	1.3260	270.22	0.47398	13.421	0.020766	supercritical
184.67	40.000	82.178	0.012169	119.12	167.79	5.1524	0.78340	1.3216	270.97	0.47066	13.450	0.020800	supercritical
185.38	40.000	81.700	0.012240	119.78	168.74	5.1575	0.78280	1.3174	271.71	0.46738	13.480	0.020834	supercritical
186.10	40.000	81.228	0.012311	120.44	169.68	5.1626	0.78221	1.3133	272.45	0.46412	13.510	0.020869	supercritical
186.82	40.000	80.764	0.012382	121.09	170.62	5.1676	0.78163	1.3092	273.18	0.46091	13.541	0.020904	supercritical
187.53	40.000	80.307	0.012452	121.75	171.56	5.1726	0.78107	1.3053	273.91	0.45772	13.571	0.020940	supercritical
188.25	40.000	79.856	0.012523	122.40	172.49	5.1776	0.78052	1.3015	274.64	0.45457	13.601	0.020976	supercritical
188.97	40.000	79.411	0.012593	123.05	173.42	5.1825	0.77999	1.2978	275.36	0.45145	13.632	0.021012	supercritical
189.68	40.000	78.973	0.012663	123.70	174.35	5.1874	0.77946	1.2941	276.08	0.44836	13.662	0.021049	supercritical
190.40	40.000	78.541	0.012732	124.35	175.28	5.1923	0.77895	1.2906	276.79	0.44531	13.693	0.021085	supercritical
191.12	40.000	78.115	0.012802	125.00	176.20	5.1971	0.77845	1.2871	277.50	0.44228	13.724	0.021122	supercritical
191.83	40.000	77.695	0.012871	125.64	177.12	5.2019	0.77796	1.2837	278.21	0.43929	13.755	0.021160	supercritical
192.55	40.000	77.280	0.012940	126.28	178.04	5.2067	0.77748	1.2804	278.91	0.43632	13.786	0.021197	supercritical
193.27	40.000	76.871	0.013009	126.92	178.96	5.2115	0.77701	1.2771	279.61	0.43338	13.817	0.021235	supercritical
193.98	40.000	76.467	0.013077	127.56	179.87	5.2162	0.77655	1.2739	280.31	0.43048	13.848	0.021273	supercritical
194.70	40.000	76.069	0.013146	128.20	180.78	5.2209	0.77610	1.2708	281.00	0.42760	13.879	0.021311	supercritical
195.42	40.000	75.676	0.013214	128.84	181.69	5.2256	0.77566	1.2678	281.69	0.42475	13.910	0.021350	supercritical
196.13	40.000	75.288	0.013282	129.47	182.60	5.2302	0.77522	1.2648	282.37	0.42192	13.941	0.021388	supercritical
196.85	40.000	74.905	0.013350	130.11	183.51	5.2348	0.77480	1.2619	283.05	0.41913	13.973	0.021427	supercritical
197.57	40.000	74.526	0.013418	130.74	184.41	5.2394	0.77439	1.2591	283.73	0.41636	14.004	0.021466	supercritical
198.28	40.000	74.153	0.013486	131.37	185.31	5.2439	0.77398	1.2563	284.41	0.41362	14.036	0.021505	supercritical
199.00	40.000	73.784	0.013553	132.00	186.21	5.2485	0.77359	1.2536	285.08	0.41090	14.067	0.021545	supercritical
199.72	40.000	73.419	0.013620	132.63	187.11	5.2530	0.77320	1.2509	285.75	0.40821	14.099	0.021584	supercritical
200.43	40.000	73.059	0.013688	133.25	188.00	5.2574	0.77281	1.2483	286.41	0.40555	14.130	0.021624	supercritical
201.15	40.000	72.703	0.013754	133.88	188.90	5.2619	0.77244	1.2457	287.08	0.40291	14.162	0.021664	supercritical
201.87	40.000	72.352	0.013821	134.50	189.79	5.2663	0.77207	1.2432	287.74	0.40029	14.194	0.021704	supercritical
202.58	40.000	72.005	0.013888	135.13	190.68	5.2707	0.77171	1.2408	288.40	0.39770	14.225	0.021744	supercritical
203.30	40.000	71.662	0.013954	135.75	191.57	5.2751	0.77136	1.2384	289.05	0.39514	14.257	0.021784	supercritical
204.02	40.000	71.322	0.014021	136.37	192.45	5.2794	0.77102	1.2360	289.70	0.39260	14.289	0.021825	supercritical
204.73	40.000	70.987	0.014087	136.99	193.34	5.2838	0.77068	1.2337	290.35	0.39008	14.321	0.021865	supercritical
205.45	40.000	70.656	0.014153	137.61	194.22	5.2881	0.77034	1.2314	291.00	0.38758	14.353	0.021906	supercritical
206.17	40.000	70.328	0.014219	138.23	195.10	5.2924	0.77002	1.2292	291.64	0.38511	14.385	0.021947	supercritical
206.88	40.000	70.004	0.014285	138.85	195.98	5.2966	0.76970	1.2270	292.28	0.38266	14.417	0.021988	supercritical
207.60	40.000	69.683	0.014351	139.46	196.86	5.3009	0.76938	1.2248	292.92	0.38023	14.449	0.022029	supercritical
208.32	40.000	69.367	0.014416	140.08	197.74	5.3051	0.76907	1.2227	293.55	0.37782	14.481	0.022070	supercritical
209.03	40.000	69.053	0.014482	140.69	198.62	5.3093	0.76877	1.2207	294.19	0.37544	14.513	0.022111	supercritical
209.75	40.000	68.743	0.014547	141.30	199.49	5.3135	0.76847	1.2186	294.82	0.37308	14.545	0.022152	supercritical
210.47	40.000	68.437	0.014612	141.91	200.36	5.3176	0.76818	1.2167	295.44	0.37073	14.577	0.022193	supercritical
211.18	40.000	68.133	0.014677	142.53	201.23	5.3217	0.76789	1.2147	296.07	0.36841	14.610	0.022235	supercritical
211.90	40.000	67.833	0.014742	143.14	202.10	5.3259	0.76761	1.2128	296.69	0.36611	14.642	0.022276	supercritical
212.62	40.000	67.536	0.014807	143.74	202.97	5.3299	0.76734	1.2109	297.31	0.36383	14.674	0.022318	supercritical
213.33	40.000	67.242	0.014872	144.35	203.84	5.3340	0.76706	1.2090	297.93	0.36157	14.706	0.022360	supercritical
214.05	40.000	66.952	0.014936	144.96	204.71	5.3381	0.76680	1.2072	298.55	0.35932	14.738	0.022401	supercritical
214.77	40.000	66.664	0.015001	145.57	205.57	5.3421	0.76654	1.2054	299.16	0.35710	14.771	0.022443	supercritical
215.48	40.000	66.379	0.015065	146.17	206.43	5.3461	0.76628	1.2037	299.77	0.35490	14.803	0.022485	supercritical
216.20	40.000	66.097	0.015129	146.78	207.30	5.3501	0.76602	1.2019	300.38	0.35271	14.835	0.022527	supercritical
216.92	40.000	65.818	0.015193	147.38	208.16	5.3541	0.76578	1.2002	300.99	0.35055	14.868	0.022569	supercritical
217.63	40.000	65.542	0.015257	147.99	209.02	5.3580	0.76553	1.1986	301.59	0.34840	14.900	0.022611	supercritical
218.35	40.000	65.268	0.015321	148.59	209.87	5.3620	0.76529	1.1969	302.19	0.34627	14.932	0.022653	supercritical
219.07	40.000	64.997	0.015385	149.19	210.73	5.3659	0.76505	1.1953	302.79	0.34416	14.965	0.022695	supercritical
219.78	40.000	64.729	0.015449	149.79	211.59	5.3698	0.76482	1.1937	303.39	0.34206	14.997	0.022738	supercritical
220.50	40.000	64.464	0.015513	150.39	212.44	5.3737	0.76459	1.1922	303.99	0.33999	15.029	0.022780	supercritical
221.22	40.000	64.201	0.015576	150.99	213.30	5.3775	0.76437	1.1906	304.58	0.33793	15.062	0.022822	supercritical
221.93	40.000	63.940	0.015640	151.59	214.15	5.3814	0.76415	1.1891	305.17	0.33589	15.094	0.022865	supercritical
222.65	40.000	63.682	0.015703	152.19	215.00	5.3852	0.76393	1.1876	305.76	0.33386	15.127	0.022907	supercritical
223.37	40.000	63.427	0.015766	152.79	215.85	5.3890	0.76372	1.1862	306.35	0.33185	15.159	0.022950	supercritical
224.08	40.000	63.174	0.015829	153.38	216.70	5.3928	0.76351	1.1847	306.94	0.32986	15.191	0.022992	supercritical
224.80	40.000	62.923	0.015892	153.98	217.55	5.3966	0.76330	1.1833	307.52	0.32788	15.224	0.023035	supercritical
225.52	40.000	62.674	0.015955	154.57	218.40	5.4004	0.76310	1.1819	308.10	0.32592	15.256	0.023077	supercritical
226.23	40.000	62.428	0.016018	155.17	219.24	5.4041	0.76290	1.1806	308.68	0.32398	15.289	0.023120	supercritical
226.95	40.000	62.184	0.016081	155.76	220.09	5.4079	0.76270	1.1792	309.26	0.32205	15.321	0.023163	supercritical
227.67	40.000	61.943	0.016144	156.36	220.93	5.4116	0.76251	1.1779	309.84	0.32013	15.354	0.023205	supercritical
228.38	40.000	61.703	0.016207	156.95	221.78	5.4153	0.76232	1.1766	310.41	0.31824	15.386	0.023248	supercritical
229.10	40.000	61.466	0.016269	157.54	222.62	5.4190	0.76213	1.1753	310.98	0.31635	15.418	0.023291	supercritical
229.82	40.000	61.231	0.016332	158.14	223.46	5.4226	0.76194	1.1740	311.55	0.31448	15.451	0.023333	supercritical
230.53	40.000	60.998	0.016394	158.73	224.30	5.4263	0.76176	1.1728	312.12	0.31263	15.483	0.023376	supercritical
231.25	40.000	60.767	0.016456	159.32	225.14	5.4299	0.76158	1.1715	312.69	0.31079	15.516	0.023419	supercritical
231.97	40.000	60.538	0.016519	159.91	225.98	5.4335	0.76141	1.1703	313.26	0.30897	15.548	0.023462	supercritical
232.68	40.000	60.311	0.016581	160.50	226.82	5.4372	0.76123	1.1691	313.82	0.30715	15.581	0.023505	supercritical
233.40	40.000	60.086	0.016643	161.09	227.66	5.4407	0.76106	1.1679	314.38	0.30536	15.613	0.023548	supercritical
234.12	40.000	59.863	0.016705	161.67	228.49	5.4443	0.76089	1.1668	314.94	0.30357	15.646	0.023590	supercritical
234.83	40.000	59.642	0.016767	162.26	229.33	5.4479	0.76073	1.1656	315.50	0.30180	15.678	0.023633	supercritical
235.55	40.000	59.422	0.016829	162.85	230.16	5.4514	0.76057	1.1645	316.06	0.30005	15.710	0.023676	supercritical
236.27	40.000	59.205	0.016890	163.44	231.00	5.4550	0.76041	1.1634	316.61	0.29831	15.743	0.023719	supercritical
236.98	40.000	58.989	0.016952	164.02	231.83	5.4585	0.76025	1.1623	317.17	0.29658	15.775	0.023762	supercritical
237.70	40.000	58.776	0.017014	164.61	232.66	5.4620	0.76009	1.1612	317.72	0.29486	15.808	0.023805	supercritical
238.42	40.000	58.564	0.017075	165.20	233.50	5.4655	0.75994	1.1601	318.27	0.29316	15.840	0.023848	supercritical
239.13	40.000	58.353	0.017137	165.78	234.33	5.4690	0.75979	1.1591	318.82	0.29146	15.872	0.023891	supercritical
239.85	40.000	58.145	0.017198	166.36	235.16	5.4724	0.75964	1.1581	319.37	0.28979	15.905	0.023934	supercritical
240.57	40.000	57.938	0.017260	166.95	235.99	5.4759	0.75949	1.1570	319.91	0.28812	15.937	0.023977	supercritical
241.28	40.000	57.733	0.017321	167.53	236.82	5.4793	0.75935	1.1560	320.46	0.28647	15.970	0.024020	supercritical
242.00	40.000	57.530	0.017382	168.12	237.64	5.4828	0.75920	1.1550	321.00	0.28482	16.002	0.024063	supercritical
242.72	40.000	57.328	0.017444	168.70	238.47	5.4862	0.75906	1.1541	321.54	0.28320	16.034	0.024106	supercritical
243.43	40.000	57.128	0.017505	169.28	239.30	5.4896	0.75892	1.1531	322.08	0.28158	16.067	0.024149	supercritical
244.15	40.000	56.929	0.017566	169.86	240.12	5.4930	0.75879	1.1521	322.62	0.27997	16.099	0.024192	supercritical
244.87	40.000	56.732	0.017627	170.44	240.95	5.4963	0.75865	1.1512	323.15	0.27838	16.131	0.024235	supercritical
245.58	40.000	56.537	0.017688	171.02	241.77	5.4997	0.75852	1.1503	323.69	0.27679	16.164	0.024277	supercritical
246.30	40.000	56.343	0.017749	171.60	242.60	5.5031	0.75839	1.1493	324.22	0.27522	16.196	0.024320	supercritical
247.02	40.000	56.150	0.017809	172.18	243.42	5.5064	0.75826	1.1484	324.76	0.27366	16.228	0.024363	supercritical
247.73	40.000	55.959	0.017870	172.76	244.25	5.5097	0.75814	1.1475	325.29	0.27211	16.261	0.024406	supercritical
248.45	40.000	55.770	0.017931	173.34	245.07	5.5130	0.75801	1.1467	325.82	0.27058	16.293	0.024449	supercritical
249.17	40.000	55.582	0.017991	173.92	245.89	5.5163	0.75789	1.1458	326.34	0.26905	16.325	0.024491	supercritical
249.88	40.000	55.395	0.018052	174.50	246.71	5.5196	0.75777	1.1449	326.87	0.26753	16.357	0.024534	supercritical
250.60	40.000	55.210	0.018113	175.08	247.53	5.5229	0.75765	1.1441	327.40	0.26603	16.390	0.024576	supercritical
251.32	40.000	55.026	0.018173	175.66	248.35	5.5262	0.75753	1.1433	327.92	0.26453	16.422	0.024618	supercritical
252.03	40.000	54.844	0.018233	176.23	249.17	5.5294	0.75741	1.1424	328.44	0.26305	16.454	0.024660	supercritical
252.75	40.000	54.663	0.018294	176.81	249.99	5.5327	0.75730	1.1416	328.97	0.26157	16.486	0.024700	supercritical
253.47	40.000	54.484	0.018354	177.39	250.80	5.5359	0.75718	1.1408	329.49	0.26011	16.519	0.024744	supercritical
254.18	40.000	54.305	0.018414	177.96	251.62	5.5391	0.75707	1.1400	330.00	0.25865	16.551	0.024788	supercritical
254.90	40.000	54.128	0.018475	178.54	252.44	5.5423	0.75696	1.1392	330.52	0.25721	16.583	0.024832	supercritical
255.62	40.000	53.953	0.018535	179.12	253.25	5.5455	0.75686	1.1385	331.04	0.25577	16.615	0.024876	supercritical
256.33	40.000	53.778	0.018595	179.69	254.07	5.5487	0.75675	1.1377	331.55	0.25435	16.647	0.024920	supercritical
257.05	40.000	53.605	0.018655	180.27	254.89	5.5519	0.75664	1.1369	332.07	0.25293	16.679	0.024963	supercritical
257.77	40.000	53.433	0.018715	180.84	255.70	5.5551	0.75654	1.1362	332.58	0.25153	16.711	0.025007	supercritical
258.48	40.000	53.263	0.018775	181.41	256.51	5.5582	0.75644	1.1354	333.09	0.25013	16.744	0.025051	supercritical
259.20	40.000	53.093	0.018835	181.99	257.33	5.5614	0.75634	1.1347	333.60	0.24875	16.776	0.025095	supercritical
259.92	40.000	52.925	0.018895	182.56	258.14	5.5645	0.75624	1.1340	334.11	0.24737	16.808	0.025138	supercritical
260.63	40.000	52.758	0.018954	183.14	258.95	5.5676	0.75614	1.1333	334.62	0.24600	16.840	0.025182	supercritical
261.35	40.000	52.592	0.019014	183.71	259.76	5.5707	0.75604	1.1326	335.12	0.24464	16.872	0.025226	supercritical
262.07	40.000	52.428	0.019074	184.28	260.58	5.5738	0.75595	1.1319	335.63	0.24329	16.904	0.025270	supercritical
262.78	40.000	52.264	0.019134	184.85	261.39	5.5769	0.75585	1.1312	336.13	0.24195	16.936	0.025313	supercritical
263.50	40.000	52.102	0.019193	185.42	262.20	5.5800	0.75576	1.1305	336.64	0.24062	16.968	0.025357	supercritical
264.22	40.000	51.940	0.019253	186.00	263.01	5.5831	0.75567	1.1299	337.14	0.23930	17.000	0.025401	supercritical
264.93	40.000	51.780	0.019312	186.57	263.82	5.5861	0.75558	1.1292	337.64	0.23798	17.032	0.025445	supercritical
265.65	40.000	51.621	0.019372	187.14	264.63	5.5892	0.75549	1.1285	338.14	0.23668	17.064	0.025488	supercritical
266.37	40.000	51.463	0.019431	187.71	265.43	5.5922	0.75540	1.1279	338.64	0.23538	17.096	0.025532	supercritical
267.08	40.000	51.307	0.019491	188.28	266.24	5.5952	0.75531	1.1273	339.13	0.23409	17.128	0.025576	supercritical
267.80	40.000	51.151	0.019550	188.85	267.05	5.5983	0.75523	1.1266	339.63	0.23281	17.160	0.025619	supercritical
268.52	40.000	50.996	0.019609	189.42	267.86	5.6013	0.75514	1.1260	340.12	0.23153	17.191	0.025663	supercritical
269.23	40.000	50.842	0.019669	189.99	268.66	5.6043	0.75506	1.1254	340.62	0.23027	17.223	0.025706	supercritical
269.95	40.000	50.690	0.019728	190.56	269.47	5.6073	0.75498	1.1248	341.11	0.22901	17.255	0.025750	supercritical
270.67	40.000	50.538	0.019787	191.13	270.28	5.6102	0.75490	1.1242	341.60	0.22776	17.287	0.025794	supercritical
271.38	40.000	50.387	0.019846	191.70	271.08	5.6132	0.75482	1.1236	342.09	0.22652	17.319	0.025837	supercritical
272.10	40.000	50.238	0.019905	192.27	271.89	5.6162	0.75474	1.1230	342.58	0.22529	17.351	0.025881	supercritical
272.82	40.000	50.089	0.019964	192.83	272.69	5.6191	0.75466	1.1224	343.07	0.22406	17.382	0.025924	supercritical
273.53	40.000	49.942	0.020023	193.40	273.50	5.6221	0.75459	1.1218	343.56	0.22285	17.414	0.025968	supercritical
274.25	40.000	49.795	0.020082	193.97	274.30	5.6250	0.75451	1.1213	344.04	0.22164	17.446	0.026011	supercritical
274.97	40.000	49.649	0.020141	194.54	275.10	5.6279	0.75444	1.1207	344.53	0.22043	17.478	0.026055	supercritical
275.68	40.000	49.504	0.020200	195.10	275.91	5.6308	0.75436	1.1201	345.01	0.21924	17.509	0.026098	supercritical
276.40	40.000	49.360	0.020259	195.67	276.71	5.6338	0.75429	1.1196	345.50	0.21805	17.541	0.026142	supercritical
277.12	40.000	49.217	0.020318	196.24	277.51	5.6367	0.75422	1.1190	345.98	0.21687	17.573	0.026185	supercritical
277.83	40.000	49.075	0.020377	196.81	278.31	5.6395	0.75415	1.1185	346.46	0.21570	17.604	0.026229	supercritical
278.55	40.000	48.934	0.020436	197.37	279.11	5.6424	0.75408	1.1180	346.94	0.21453	17.636	0.026272	supercritical
279.27	40.000	48.794	0.020494	197.94	279.92	5.6453	0.75401	1.1175	347.42	0.21337	17.667	0.026316	supercritical
279.98	40.000	48.655	0.020553	198.50	280.72	5.6482	0.75395	1.1169	347.90	0.21222	17.699	0.026359	supercritical
280.70	40.000	48.516	0.020612	199.07	281.52	5.6510	0.75388	1.1164	348.37	0.21108	17.731	0.026403	supercritical
281.42	40.000	48.379	0.020670	199.63	282.32	5.6539	0.75382	1.1159	348.85	0.20994	17.762	0.026446	supercritical
282.13	40.000	48.242	0.020729	200.20	283.12	5.6567	0.75375	1.1154	349.32	0.20881	17.794	0.026489	supercritical
282.85	40.000	48.106	0.020787	200.76	283.91	5.6595	0.75369	1.1149	349.80	0.20769	17.825	0.026533	supercritical
283.57	40.000	47.971	0.020846	201.33	284.71	5.6623	0.75363	1.1144	350.27	0.20657	17.857	0.026576	supercritical
284.28	40.000	47.837	0.020904	201.89	285.51	5.6652	0.75356	1.1139	350.74	0.20546	17.888	0.026619	supercritical
285.00	40.000	47.703	0.020963	202.46	286.31	5.6680	0.75350	1.1134	351.22	0.20435	17.920	0.026663	supercritical
285.72	40.000	47.571	0.021021	203.02	287.11	5.6708	0.75344	1.1130	351.69	0.20326	17.951	0.026706	supercritical
286.43	40.000	47.439	0.021080	203.59	287.91	5.6735	0.75338	1.1125	352.16	0.20217	17.983	0.026749	supercritical
287.15	40.000	47.308	0.021138	204.15	288.70	5.6763	0.75333	1.1120	352.62	0.20108	18.014	0.026792	supercritical
287.87	40.000	47.178	0.021196	204.71	289.50	5.6791	0.75327	1.1116	353.09	0.20000	18.045	0.026836	supercritical
288.58	40.000	47.049	0.021255	205.28	290.30	5.6819	0.75321	1.1111	353.56	0.19893	18.077	0.026879	supercritical
289.30	40.000	46.920	0.021313	205.84	291.09	5.6846	0.75316	1.1107	354.02	0.19787	18.108	0.026922	supercritical
290.02	40.000	46.792	0.021371	206.40	291.89	5.6874	0.75310	1.1102	354.49	0.19681	18.139	0.026965	supercritical
290.73	40.000	46.665	0.021429	206.97	292.68	5.6901	0.75305	1.1098	354.95	0.19575	18.171	0.027009	supercritical
291.45	40.000	46.539	0.021487	207.53	293.48	5.6928	0.75300	1.1093	355.42	0.19471	18.202	0.027052	supercritical
292.17	40.000	46.413	0.021546	208.09	294.27	5.6956	0.75295	1.1089	355.88	0.19366	18.233	0.027095	supercritical
292.88	40.000	46.288	0.021604	208.65	295.07	5.6983	0.75289	1.1085	356.34	0.19263	18.264	0.027138	supercritical
293.60	40.000	46.164	0.021662	209.21	295.86	5.7010	0.75284	1.1080	356.80	0.19160	18.296	0.027181	supercritical
294.32	40.000	46.041	0.021720	209.78	296.66	5.7037	0.75279	1.1076	357.26	0.19058	18.327	0.027224	supercritical
295.03	40.000	45.918	0.021778	210.34	297.45	5.7064	0.75275	1.1072	357.72	0.18956	18.358	0.027267	supercritical
295.75	40.000	45.796	0.021836	210.90	298.24	5.7091	0.75270	1.1068	358.18	0.18855	18.389	0.027310	supercritical
296.47	40.000	45.675	0.021894	211.46	299.04	5.7117	0.75265	1.1064	358.63	0.18754	18.420	0.027353	supercritical
297.18	40.000	45.555	0.021952	212.02	299.83	5.7144	0.75260	1.1060	359.09	0.18654	18.451	0.027396	supercritical
297.90	40.000	45.435	0.022010	212.58	300.62	5.7171	0.75256	1.1056	359.55	0.18555	18.483	0.027439	supercritical
298.62	40.000	45.316	0.022067	213.14	301.41	5.7197	0.75251	1.1052	360.00	0.18456	18.514	0.027483	supercritical
299.33	40.000	45.197	0.022125	213.70	302.21	5.7224	0.75247	1.1048	360.45	0.18357	18.545	0.027525	supercritical
300.05	40.000	45.079	0.022183	214.26	303.00	5.7250	0.75243	1.1044	360.91	0.18260	18.576	0.027568	supercritical
300.77	40.000	44.962	0.022241	214.82	303.79	5.7277	0.75238	1.1040	361.36	0.18162	18.607	0.027611	supercritical
301.48	40.000	44.846	0.022299	215.38	304.58	5.7303	0.75234	1.1036	361.81	0.18066	18.638	0.027654	supercritical
302.20	40.000	44.730	0.022356	215.94	305.37	5.7329	0.75230	1.1033	362.26	0.17970	18.669	0.027697	supercritical
302.92	40.000	44.615	0.022414	216.50	306.16	5.7355	0.75226	1.1029	362.71	0.17874	18.700	0.027740	supercritical
303.63	40.000	44.500	0.022472	217.06	306.95	5.7381	0.75222	1.1025	363.16	0.17779	18.731	0.027783	supercritical
304.35	40.000	44.386	0.022529	217.62	307.74	5.7407	0.75218	1.1022	363.61	0.17684	18.762	0.027826	supercritical
305.07	40.000	44.273	0.022587	218.18	308.53	5.7433	0.75214	1.1018	364.05	0.17590	18.792	0.027869	supercritical
305.78	40.000	44.160	0.022645	218.74	309.32	5.7459	0.75211	1.1014	364.50	0.17497	18.823	0.027912	supercritical
306.50	40.000	44.048	0.022702	219.30	310.11	5.7485	0.75207	1.1011	364.95	0.17404	18.854	0.027954	supercritical
307.22	40.000	43.937	0.022760	219.86	310.90	5.7510	0.75203	1.1007	365.39	0.17311	18.885	0.027997	supercritical
307.93	40.000	43.826	0.022817	220.42	311.69	5.7536	0.75200	1.1004	365.84	0.17219	18.916	0.028040	supercritical
308.65	40.000	43.716	0.022875	220.98	312.48	5.7562	0.75196	1.1000	366.28	0.17127	18.947	0.028083	supercritical
309.37	40.000	43.607	0.022932	221.53	313.26	5.7587	0.75193	1.0997	366.72	0.17036	18.977	0.028126	supercritical
310.08	40.000	43.498	0.022990	222.09	314.05	5.7613	0.75189	1.0994	367.16	0.16946	19.008	0.028168	supercritical
310.80	40.000	43.389	0.023047	222.65	314.84	5.7638	0.75186	1.0990	367.60	0.16856	19.039	0.028211	supercritical
311.52	40.000	43.281	0.023105	223.21	315.63	5.7663	0.75183	1.0987	368.04	0.16766	19.070	0.028254	supercritical
312.23	40.000	43.174	0.023162	223.77	316.41	5.7689	0.75180	1.0984	368.48	0.16677	19.100	0.028297	supercritical
312.95	40.000	43.068	0.023219	224.32	317.20	5.7714	0.75177	1.0981	368.92	0.16588	19.131	0.028339	supercritical
313.67	40.000	42.961	0.023277	224.88	317.99	5.7739	0.75174	1.0977	369.36	0.16500	19.161	0.028382	supercritical
314.38	40.000	42.856	0.023334	225.44	318.77	5.7764	0.75171	1.0974	369.80	0.16412	19.192	0.028424	supercritical
315.10	40.000	42.751	0.023391	226.00	319.56	5.7789	0.75168	1.0971	370.23	0.16325	19.223	0.028467	supercritical
315.82	40.000	42.647	0.023449	226.55	320.35	5.7814	0.75165	1.0968	370.67	0.16238	19.253	0.028510	supercritical
316.53	40.000	42.543	0.023506	227.11	321.13	5.7839	0.75162	1.0965	371.11	0.16152	19.284	0.028552	supercritical
317.25	40.000	42.439	0.023563	227.67	321.92	5.7863	0.75160	1.0962	371.54	0.16066	19.314	0.028595	supercritical
317.97	40.000	42.337	0.023620	228.22	322.70	5.7888	0.75157	1.0959	371.97	0.15981	19.345	0.028637	supercritical
318.68	40.000	42.234	0.023677	228.78	323.49	5.7913	0.75154	1.0956	372.41	0.15896	19.375	0.028680	supercritical
319.40	40.000	42.133	0.023735	229.34	324.28	5.7937	0.75152	1.0953	372.84	0.15811	19.406	0.028723	supercritical
320.12	40.000	42.032	0.023792	229.89	325.06	5.7962	0.75150	1.0950	373.27	0.15727	19.436	0.028765	supercritical
320.83	40.000	41.931	0.023849	230.45	325.84	5.7986	0.75147	1.0947	373.70	0.15643	19.467	0.028808	supercritical
321.55	40.000	41.831	0.023906	231.01	326.63	5.8011	0.75145	1.0944	374.13	0.15560	19.497	0.028850	supercritical
322.27	40.000	41.731	0.023963	231.56	327.41	5.8035	0.75143	1.0942	374.56	0.15477	19.528	0.028893	supercritical
322.98	40.000	41.632	0.024020	232.12	328.20	5.8060	0.75140	1.0939	374.99	0.15395	19.558	0.028935	supercritical
323.70	40.000	41.533	0.024077	232.67	328.98	5.8084	0.75138	1.0936	375.42	0.15313	19.588	0.028977	supercritical
324.42	40.000	41.435	0.024134	233.23	329.76	5.8108	0.75136	1.0933	375.84	0.15231	19.619	0.029020	supercritical
325.13	40.000	41.338	0.024191	233.78	330.55	5.8132	0.75134	1.0930	376.27	0.15150	19.649	0.029062	supercritical
325.85	40.000	41.241	0.024248	234.34	331.33	5.8156	0.75132	1.0928	376.70	0.15069	19.679	0.029105	supercritical
326.57	40.000	41.144	0.024305	234.90	332.11	5.8180	0.75131	1.0925	377.12	0.14989	19.709	0.029147	supercritical
327.28	40.000	41.048	0.024362	235.45	332.90	5.8204	0.75129	1.0922	377.55	0.14909	19.740	0.029189	supercritical
328.00	40.000	40.952	0.024419	236.01	333.68	5.8228	0.75127	1.0920	377.97	0.14830	19.770	0.029232	supercritical
328.72	40.000	40.857	0.024476	236.56	334.46	5.8252	0.75125	1.0917	378.39	0.14750	19.800	0.029274	supercritical
329.43	40.000	40.762	0.024532	237.12	335.24	5.8276	0.75124	1.0915	378.82	0.14672	19.830	0.029316	supercritical
330.15	40.000	40.668	0.024589	237.67	336.03	5.8299	0.75122	1.0912	379.24	0.14593	19.860	0.029359	supercritical
330.87	40.000	40.574	0.024646	238.22	336.81	5.8323	0.75121	1.0910	379.66	0.14515	19.891	0.029401	supercritical
331.58	40.000	40.481	0.024703	238.78	337.59	5.8347	0.75119	1.0907	380.08	0.14438	19.921	0.029443	supercritical
332.30	40.000	40.388	0.024760	239.33	338.37	5.8370	0.75118	1.0905	380.50	0.14361	19.951	0.029485	supercritical
333.02	40.000	40.296	0.024816	239.89	339.15	5.8394	0.75116	1.0902	380.92	0.14284	19.981	0.029528	supercritical
333.73	40.000	40.204	0.024873	240.44	339.94	5.8417	0.75115	1.0900	381.34	0.14207	20.011	0.029570	supercritical
334.45	40.000	40.112	0.024930	241.00	340.72	5.8440	0.75114	1.0897	381.76	0.14131	20.041	0.029612	supercritical
335.17	40.000	40.021	0.024987	241.55	341.50	5.8464	0.75113	1.0895	382.17	0.14056	20.071	0.029654	supercritical
335.88	40.000	39.931	0.025043	242.10	342.28	5.8487	0.75112	1.0893	382.59	0.13980	20.101	0.029696	supercritical
336.60	40.000	39.841	0.025100	242.66	343.06	5.8510	0.75111	1.0890	383.01	0.13906	20.131	0.029738	supercritical
337.32	40.000	39.751	0.025157	243.21	343.84	5.8533	0.75110	1.0888	383.42	0.13831	20.161	0.029781	supercritical
338.03	40.000	39.662	0.025213	243.77	344.62	5.8557	0.75109	1.0886	383.84	0.13757	20.191	0.029823	supercritical
338.75	40.000	39.573	0.025270	244.32	345.40	5.8580	0.75108	1.0884	384.25	0.13683	20.221	0.029865	supercritical
339.47	40.000	39.484	0.025327	244.87	346.18	5.8603	0.75107	1.0881	384.67	0.13609	20.251	0.029907	supercritical
340.18	40.000	39.396	0.025383	245.43	346.96	5.8626	0.75106	1.0879	385.08	0.13536	20.280	0.029949	supercritical
340.90	40.000	39.309	0.025440	245.98	347.74	5.8648	0.75106	1.0877	385.49	0.13463	20.310	0.029991	supercritical
341.62	40.000	39.221	0.025496	246.53	348.52	5.8671	0.75105	1.0875	385.90	0.13391	20.340	0.030033	supercritical
342.33	40.000	39.135	0.025553	247.09	349.30	5.8694	0.75104	1.0873	386.31	0.13319	20.370	0.030075	supercritical
343.05	40.000	39.048	0.025609	247.64	350.08	5.8717	0.75104	1.0871	386.72	0.13247	20.400	0.030117	supercritical
343.77	40.000	38.962	0.025666	248.19	350.86	5.8739	0.75103	1.0869	387.13	0.13176	20.429	0.030159	supercritical
344.48	40.000	38.877	0.025722	248.74	351.63	5.8762	0.75103	1.0866	387.54	0.13105	20.459	0.030201	supercritical
345.20	40.000	38.792	0.025779	249.30	352.41	5.8785	0.75103	1.0864	387.95	0.13034	20.489	0.030243	supercritical
345.92	40.000	38.707	0.025835	249.85	353.19	5.8807	0.75102	1.0862	388.36	0.12964	20.519	0.030285	supercritical
346.63	40.000	38.623	0.025892	250.40	353.97	5.8830	0.75102	1.0860	388.77	0.12894	20.548	0.030327	supercritical
347.35	40.000	38.539	0.025948	250.96	354.75	5.8852	0.75102	1.0858	389.18	0.12824	20.578	0.030369	supercritical
348.07	40.000	38.455	0.026004	251.51	355.53	5.8874	0.75102	1.0856	389.58	0.12754	20.608	0.030411	supercritical
348.78	40.000	38.372	0.026061	252.06	356.30	5.8897	0.75102	1.0854	389.99	0.12685	20.637	0.030453	supercritical
349.50	40.000	38.289	0.026117	252.61	357.08	5.8919	0.75102	1.0853	390.39	0.12617	20.667	0.030495	supercritical
350.22	40.000	38.206	0.026174	253.17	357.86	5.8941	0.75102	1.0851	390.80	0.12548	20.696	0.030536	supercritical
350.93	40.000	38.124	0.026230	253.72	358.64	5.8964	0.75102	1.0849	391.20	0.12480	20.726	0.030578	supercritical
351.65	40.000	38.043	0.026286	254.27	359.41	5.8986	0.75102	1.0847	391.60	0.12412	20.755	0.030620	supercritical
352.37	40.000	37.961	0.026343	254.82	360.19	5.9008	0.75102	1.0845	392.01	0.12345	20.785	0.030662	supercritical
353.08	40.000	37.880	0.026399	255.37	360.97	5.9030	0.75102	1.0843	392.41	0.12278	20.814	0.030704	supercritical
353.80	40.000	37.800	0.026455	255.93	361.75	5.9052	0.75103	1.0841	392.81	0.12211	20.844	0.030746	supercritical
354.52	40.000	37.720	0.026511	256.48	362.52	5.9074	0.75103	1.0840	393.21	0.12144	20.873	0.030787	supercritical
355.23	40.000	37.640	0.026568	257.03	363.30	5.9096	0.75104	1.0838	393.61	0.12078	20.903	0.030829	supercritical
355.95	40.000	37.560	0.026624	257.58	364.08	5.9117	0.75104	1.0836	394.01	0.12012	20.932	0.030871	supercritical
356.67	40.000	37.481	0.026680	258.13	364.85	5.9139	0.75105	1.0834	394.41	0.11946	20.961	0.030913	supercritical
357.38	40.000	37.402	0.026736	258.68	365.63	5.9161	0.75105	1.0833	394.81	0.11881	20.991	0.030954	supercritical
358.10	40.000	37.324	0.026792	259.24	366.41	5.9183	0.75106	1.0831	395.21	0.11816	21.020	0.030996	supercritical
358.82	40.000	37.246	0.026849	259.79	367.18	5.9204	0.75106	1.0829	395.61	0.11751	21.050	0.031038	supercritical
359.53	40.000	37.168	0.026905	260.34	367.96	5.9226	0.75107	1.0828	396.00	0.11687	21.079	0.031079	supercritical
360.25	40.000	37.091	0.026961	260.89	368.73	5.9247	0.75108	1.0826	396.40	0.11622	21.108	0.031121	supercritical
360.97	40.000	37.014	0.027017	261.44	369.51	5.9269	0.75109	1.0824	396.80	0.11558	21.137	0.031163	supercritical
361.68	40.000	36.937	0.027073	261.99	370.29	5.9290	0.75110	1.0823	397.19	0.11495	21.167	0.031204	supercritical
362.40	40.000	36.861	0.027129	262.54	371.06	5.9312	0.75111	1.0821	397.59	0.11432	21.196	0.031246	supercritical
363.12	40.000	36.784	0.027185	263.09	371.84	5.9333	0.75112	1.0820	397.98	0.11369	21.225	0.031288	supercritical
363.83	40.000	36.709	0.027241	263.65	372.61	5.9355	0.75113	1.0818	398.38	0.11306	21.254	0.031329	supercritical
364.55	40.000	36.633	0.027298	264.20	373.39	5.9376	0.75114	1.0816	398.77	0.11243	21.283	0.031371	supercritical
365.27	40.000	36.558	0.027354	264.75	374.16	5.9397	0.75115	1.0815	399.16	0.11181	21.312	0.031412	supercritical
365.98	40.000	36.484	0.027410	265.30	374.94	5.9418	0.75117	1.0813	399.56	0.11119	21.342	0.031454	supercritical
366.70	40.000	36.409	0.027466	265.85	375.71	5.9439	0.75118	1.0812	399.95	0.11058	21.371	0.031495	supercritical
367.42	40.000	36.335	0.027522	266.40	376.49	5.9461	0.75119	1.0811	400.34	0.10996	21.400	0.031537	supercritical
368.13	40.000	36.261	0.027578	266.95	377.26	5.9482	0.75121	1.0809	400.73	0.10935	21.429	0.031579	supercritical
368.85	40.000	36.188	0.027634	267.50	378.04	5.9503	0.75122	1.0808	401.12	0.10874	21.458	0.031620	supercritical
369.57	40.000	36.115	0.027690	268.05	378.81	5.9524	0.75124	1.0806	401.51	0.10814	21.487	0.031662	supercritical
370.28	40.000	36.042	0.027746	268.60	379.58	5.9545	0.75125	1.0805	401.90	0.10753	21.516	0.031703	supercritical
371.00	40.000	35.969	0.027801	269.15	380.36	5.9565	0.75127	1.0803	402.29	0.10693	21.545	0.031745	supercritical
371.72	40.000	35.897	0.027857	269.70	381.13	5.9586	0.75128	1.0802	402.68	0.10634	21.574	0.031786	supercritical
372.43	40.000	35.825	0.027913	270.25	381.91	5.9607	0.75130	1.0801	403.06	0.10574	21.603	0.031827	supercritical
373.15	40.000	35.754	0.027969	270.80	382.68	5.9628	0.75132	1.0799	403.45	0.10515	21.632	0.031869	supercritical
373.87	40.000	35.682	0.028025	271.35	383.46	5.9649	0.75134	1.0798	403.84	0.10456	21.661	0.031910	supercritical
374.58	40.000	35.611	0.028081	271.91	384.23	5.9669	0.75136	1.0797	404.22	0.10397	21.689	0.031952	supercritical
375.30	40.000	35.541	0.028137	272.46	385.00	5.9690	0.75138	1.0795	404.61	0.10339	21.718	0.031993	supercritical
376.02	40.000	35.470	0.028193	273.01	385.78	5.9710	0.75140	1.0794	404.99	0.10280	21.747	0.032035	supercritical
376.73	40.000	35.400	0.028249	273.56	386.55	5.9731	0.75142	1.0793	405.38	0.10222	21.776	0.032076	supercritical
377.45	40.000	35.330	0.028304	274.11	387.32	5.9752	0.75144	1.0792	405.76	0.10165	21.805	0.032117	supercritical
378.17	40.000	35.261	0.028360	274.66	388.10	5.9772	0.75146	1.0790	406.15	0.10107	21.833	0.032159	supercritical
378.88	40.000	35.191	0.028416	275.21	388.87	5.9792	0.75148	1.0789	406.53	0.10050	21.862	0.032200	supercritical
379.60	40.000	35.122	0.028472	275.76	389.64	5.9813	0.75150	1.0788	406.91	0.099930	21.891	0.032241	supercritical
380.32	40.000	35.054	0.028528	276.31	390.42	5.9833	0.75153	1.0787	407.29	0.099362	21.920	0.032283	supercritical
381.03	40.000	34.985	0.028583	276.86	391.19	5.9853	0.75155	1.0786	407.67	0.098797	21.948	0.032324	supercritical
381.75	40.000	34.917	0.028639	277.41	391.96	5.9874	0.75157	1.0785	408.06	0.098235	21.977	0.032365	supercritical
382.47	40.000	34.849	0.028695	277.96	392.74	5.9894	0.75160	1.0783	408.44	0.097674	22.006	0.032406	supercritical
383.18	40.000	34.782	0.028751	278.51	393.51	5.9914	0.75162	1.0782	408.82	0.097116	22.034	0.032448	supercritical
383.90	40.000	34.715	0.028806	279.06	394.28	5.9934	0.75165	1.0781	409.20	0.096561	22.063	0.032489	supercritical
384.62	40.000	34.648	0.028862	279.61	395.05	5.9954	0.75168	1.0780	409.58	0.096008	22.092	0.032530	supercritical
385.33	40.000	34.581	0.028918	280.15	395.83	5.9974	0.75170	1.0779	409.95	0.095457	22.120	0.032571	supercritical
386.05	40.000	34.514	0.028973	280.70	396.60	5.9995	0.75173	1.0778	410.33	0.094908	22.149	0.032613	supercritical
386.77	40.000	34.448	0.029029	281.25	397.37	6.0015	0.75176	1.0777	410.71	0.094362	22.177	0.032654	supercritical
387.48	40.000	34.382	0.029085	281.80	398.14	6.0034	0.75179	1.0776	411.09	0.093818	22.206	0.032695	supercritical
388.20	40.000	34.317	0.029140	282.35	398.92	6.0054	0.75182	1.0775	411.46	0.093276	22.234	0.032736	supercritical
388.92	40.000	34.251	0.029196	282.90	399.69	6.0074	0.75185	1.0774	411.84	0.092737	22.263	0.032778	supercritical
389.63	40.000	34.186	0.029252	283.45	400.46	6.0094	0.75188	1.0773	412.22	0.092199	22.291	0.032819	supercritical
390.35	40.000	34.121	0.029307	284.00	401.23	6.0114	0.75191	1.0772	412.59	0.091664	22.320	0.032860	supercritical
391.07	40.000	34.057	0.029363	284.55	402.00	6.0134	0.75194	1.0771	412.97	0.091131	22.348	0.032901	supercritical
391.78	40.000	33.992	0.029419	285.10	402.78	6.0153	0.75197	1.0770	413.34	0.090601	22.376	0.032942	supercritical
392.50	40.000	33.928	0.029474	285.65	403.55	6.0173	0.75200	1.0769	413.71	0.090072	22.405	0.032983	supercritical
393.22	40.000	33.864	0.029530	286.20	404.32	6.0193	0.75203	1.0768	414.09	0.089546	22.433	0.033024	supercritical
393.93	40.000	33.801	0.029585	286.75	405.09	6.0212	0.75207	1.0767	414.46	0.089022	22.461	0.033065	supercritical
394.65	40.000	33.737	0.029641	287.30	405.86	6.0232	0.75210	1.0766	414.83	0.088500	22.490	0.033107	supercritical
395.37	40.000	33.674	0.029696	287.85	406.63	6.0251	0.75213	1.0765	415.21	0.087980	22.518	0.033148	supercritical
396.08	40.000	33.611	0.029752	288.40	407.40	6.0271	0.75217	1.0764	415.58	0.087463	22.546	0.033189	supercritical
396.80	40.000	33.549	0.029807	288.95	408.18	6.0290	0.75220	1.0764	415.95	0.086947	22.575	0.033230	supercritical
397.52	40.000	33.486	0.029863	289.50	408.95	6.0310	0.75224	1.0763	416.32	0.086434	22.603	0.033271	supercritical
398.23	40.000	33.424	0.029919	290.04	409.72	6.0329	0.75228	1.0762	416.69	0.085922	22.631	0.033312	supercritical
398.95	40.000	33.362	0.029974	290.59	410.49	6.0348	0.75231	1.0761	417.06	0.085413	22.659	0.033353	supercritical
399.67	40.000	33.301	0.030030	291.14	411.26	6.0368	0.75235	1.0760	417.43	0.084906	22.687	0.033394	supercritical
400.38	40.000	33.239	0.030085	291.69	412.03	6.0387	0.75239	1.0759	417.80	0.084401	22.716	0.033435	supercritical
401.10	40.000	33.178	0.030140	292.24	412.80	6.0406	0.75243	1.0759	418.17	0.083898	22.744	0.033476	supercritical
401.82	40.000	33.117	0.030196	292.79	413.57	6.0426	0.75247	1.0758	418.53	0.083397	22.772	0.033517	supercritical
402.53	40.000	33.056	0.030251	293.34	414.35	6.0445	0.75251	1.0757	418.90	0.082897	22.800	0.033558	supercritical
403.25	40.000	32.996	0.030307	293.89	415.12	6.0464	0.75255	1.0756	419.27	0.082400	22.828	0.033599	supercritical
403.97	40.000	32.936	0.030362	294.44	415.89	6.0483	0.75259	1.0756	419.63	0.081905	22.856	0.033640	supercritical
404.68	40.000	32.876	0.030418	294.99	416.66	6.0502	0.75263	1.0755	420.00	0.081412	22.884	0.033681	supercritical
405.40	40.000	32.816	0.030473	295.54	417.43	6.0521	0.75267	1.0754	420.37	0.080921	22.912	0.033722	supercritical
406.12	40.000	32.756	0.030528	296.09	418.20	6.0540	0.75271	1.0753	420.73	0.080432	22.940	0.033763	supercritical
406.83	40.000	32.697	0.030584	296.63	418.97	6.0559	0.75275	1.0753	421.10	0.079945	22.968	0.033804	supercritical
407.55	40.000	32.638	0.030639	297.18	419.74	6.0578	0.75280	1.0752	421.46	0.079459	22.996	0.033845	supercritical
408.27	40.000	32.579	0.030695	297.73	420.51	6.0597	0.75284	1.0751	421.82	0.078976	23.024	0.033886	supercritical
408.98	40.000	32.520	0.030750	298.28	421.28	6.0616	0.75288	1.0751	422.19	0.078495	23.052	0.033927	supercritical
409.70	40.000	32.462	0.030805	298.83	422.05	6.0634	0.75293	1.0750	422.55	0.078015	23.080	0.033967	supercritical
410.42	40.000	32.404	0.030861	299.38	422.82	6.0653	0.75297	1.0749	422.91	0.077537	23.108	0.034008	supercritical
411.13	40.000	32.346	0.030916	299.93	423.59	6.0672	0.75302	1.0749	423.28	0.077062	23.136	0.034049	supercritical
411.85	40.000	32.288	0.030971	300.48	424.36	6.0691	0.75307	1.0748	423.64	0.076588	23.164	0.034090	supercritical
412.57	40.000	32.230	0.031027	301.03	425.13	6.0709	0.75311	1.0748	424.00	0.076116	23.192	0.034131	supercritical
413.28	40.000	32.173	0.031082	301.58	425.90	6.0728	0.75316	1.0747	424.36	0.075646	23.219	0.034172	supercritical
414.00	40.000	32.116	0.031137	302.12	426.67	6.0747	0.75321	1.0746	424.72	0.075177	23.247	0.034213	supercritical
414.72	40.000	32.059	0.031193	302.67	427.44	6.0765	0.75325	1.0746	425.08	0.074711	23.275	0.034253	supercritical
415.43	40.000	32.002	0.031248	303.22	428.21	6.0784	0.75330	1.0745	425.44	0.074246	23.303	0.034294	supercritical
416.15	40.000	31.946	0.031303	303.77	428.98	6.0802	0.75335	1.0745	425.80	0.073783	23.331	0.034335	supercritical
416.87	40.000	31.889	0.031358	304.32	429.75	6.0821	0.75340	1.0744	426.16	0.073322	23.358	0.034376	supercritical
417.58	40.000	31.833	0.031414	304.87	430.52	6.0839	0.75345	1.0744	426.52	0.072863	23.386	0.034417	supercritical
418.30	40.000	31.777	0.031469	305.42	431.29	6.0858	0.75350	1.0743	426.88	0.072405	23.414	0.034458	supercritical
419.02	40.000	31.722	0.031524	305.97	432.06	6.0876	0.75355	1.0743	427.23	0.071950	23.441	0.034498	supercritical
419.73	40.000	31.666	0.031579	306.52	432.83	6.0894	0.75361	1.0742	427.59	0.071496	23.469	0.034539	supercritical
420.45	40.000	31.611	0.031635	307.07	433.60	6.0913	0.75366	1.0742	427.95	0.071043	23.497	0.034580	supercritical
421.17	40.000	31.556	0.031690	307.61	434.37	6.0931	0.75371	1.0741	428.30	0.070593	23.524	0.034621	supercritical
421.88	40.000	31.501	0.031745	308.16	435.14	6.0949	0.75376	1.0741	428.66	0.070144	23.552	0.034661	supercritical
422.60	40.000	31.446	0.031800	308.71	435.91	6.0968	0.75382	1.0741	429.01	0.069697	23.579	0.034702	supercritical
423.32	40.000	31.392	0.031856	309.26	436.68	6.0986	0.75387	1.0740	429.37	0.069252	23.607	0.034743	supercritical
424.03	40.000	31.337	0.031911	309.81	437.45	6.1004	0.75393	1.0740	429.72	0.068808	23.635	0.034784	supercritical
424.75	40.000	31.283	0.031966	310.36	438.22	6.1022	0.75398	1.0739	430.08	0.068366	23.662	0.034824	supercritical
425.47	40.000	31.229	0.032021	310.91	438.99	6.1040	0.75404	1.0739	430.43	0.067926	23.690	0.034865	supercritical
426.18	40.000	31.176	0.032076	311.46	439.76	6.1058	0.75410	1.0738	430.79	0.067488	23.717	0.034906	supercritical
426.90	40.000	31.122	0.032131	312.01	440.53	6.1076	0.75415	1.0738	431.14	0.067051	23.745	0.034947	supercritical
427.62	40.000	31.069	0.032187	312.55	441.30	6.1094	0.75421	1.0738	431.49	0.066615	23.772	0.034987	supercritical
428.33	40.000	31.016	0.032242	313.10	442.07	6.1112	0.75427	1.0737	431.84	0.066182	23.799	0.035028	supercritical
429.05	40.000	30.963	0.032297	313.65	442.84	6.1130	0.75433	1.0737	432.20	0.065750	23.827	0.035069	supercritical
429.77	40.000	30.910	0.032352	314.20	443.61	6.1148	0.75438	1.0737	432.55	0.065320	23.854	0.035109	supercritical
430.48	40.000	30.858	0.032407	314.75	444.38	6.1166	0.75444	1.0736	432.90	0.064891	23.882	0.035150	supercritical
431.20	40.000	30.805	0.032462	315.30	445.15	6.1184	0.75450	1.0736	433.25	0.064464	23.909	0.035191	supercritical
431.92	40.000	30.753	0.032517	315.85	445.92	6.1202	0.75456	1.0736	433.60	0.064039	23.936	0.035231	supercritical
432.63	40.000	30.701	0.032572	316.40	446.69	6.1220	0.75462	1.0736	433.95	0.063615	23.964	0.035272	supercritical
433.35	40.000	30.649	0.032627	316.95	447.46	6.1237	0.75469	1.0735	434.30	0.063192	23.991	0.035313	supercritical
434.07	40.000	30.597	0.032682	317.50	448.23	6.1255	0.75475	1.0735	434.65	0.062772	24.018	0.035353	supercritical
434.78	40.000	30.546	0.032738	318.04	448.99	6.1273	0.75481	1.0735	435.00	0.062353	24.046	0.035394	supercritical
435.50	40.000	30.495	0.032793	318.59	449.76	6.1290	0.75487	1.0734	435.35	0.061935	24.073	0.035435	supercritical
436.22	40.000	30.444	0.032848	319.14	450.53	6.1308	0.75494	1.0734	435.69	0.061519	24.100	0.035475	supercritical
436.93	40.000	30.393	0.032903	319.69	451.30	6.1326	0.75500	1.0734	436.04	0.061105	24.127	0.035516	supercritical
437.65	40.000	30.342	0.032958	320.24	452.07	6.1343	0.75506	1.0734	436.39	0.060692	24.155	0.035556	supercritical
438.37	40.000	30.291	0.033013	320.79	452.84	6.1361	0.75513	1.0734	436.74	0.060281	24.182	0.035597	supercritical
439.08	40.000	30.241	0.033068	321.34	453.61	6.1378	0.75519	1.0733	437.08	0.059871	24.209	0.035638	supercritical
439.80	40.000	30.191	0.033123	321.89	454.38	6.1396	0.75526	1.0733	437.43	0.059462	24.236	0.035678	supercritical
440.52	40.000	30.141	0.033178	322.44	455.15	6.1413	0.75533	1.0733	437.77	0.059056	24.263	0.035719	supercritical
441.23	40.000	30.091	0.033233	322.99	455.92	6.1431	0.75539	1.0733	438.12	0.058650	24.290	0.035759	supercritical
441.95	40.000	30.041	0.033288	323.54	456.69	6.1448	0.75546	1.0733	438.46	0.058247	24.317	0.035800	supercritical
442.67	40.000	29.991	0.033343	324.09	457.46	6.1466	0.75553	1.0732	438.81	0.057844	24.345	0.035840	supercritical
443.38	40.000	29.942	0.033398	324.63	458.23	6.1483	0.75560	1.0732	439.15	0.057443	24.372	0.035881	supercritical
444.10	40.000	29.893	0.033453	325.18	458.99	6.1500	0.75567	1.0732	439.50	0.057044	24.399	0.035922	supercritical
444.82	40.000	29.844	0.033508	325.73	459.76	6.1518	0.75573	1.0732	439.84	0.056646	24.426	0.035962	supercritical
445.53	40.000	29.795	0.033563	326.28	460.53	6.1535	0.75580	1.0732	440.18	0.056250	24.453	0.036003	supercritical
446.25	40.000	29.746	0.033618	326.83	461.30	6.1552	0.75587	1.0732	440.52	0.055855	24.480	0.036043	supercritical
446.97	40.000	29.698	0.033673	327.38	462.07	6.1569	0.75594	1.0732	440.87	0.055461	24.507	0.036084	supercritical
447.68	40.000	29.649	0.033728	327.93	462.84	6.1587	0.75602	1.0732	441.21	0.055069	24.534	0.036124	supercritical
448.40	40.000	29.601	0.033782	328.48	463.61	6.1604	0.75609	1.0732	441.55	0.054679	24.561	0.036165	supercritical
449.12	40.000	29.553	0.033837	329.03	464.38	6.1621	0.75616	1.0732	441.89	0.054289	24.587	0.036205	supercritical
449.83	40.000	29.505	0.033892	329.58	465.15	6.1638	0.75623	1.0731	442.23	0.053901	24.614	0.036246	supercritical
450.55	40.000	29.457	0.033947	330.13	465.92	6.1655	0.75631	1.0731	442.57	0.053515	24.641	0.036286	supercritical
451.27	40.000	29.410	0.034002	330.68	466.69	6.1672	0.75638	1.0731	442.91	0.053130	24.668	0.036327	supercritical
451.98	40.000	29.362	0.034057	331.23	467.45	6.1689	0.75645	1.0731	443.25	0.052746	24.695	0.036367	supercritical
452.70	40.000	29.315	0.034112	331.78	468.22	6.1706	0.75653	1.0731	443.59	0.052364	24.722	0.036408	supercritical
453.42	40.000	29.268	0.034167	332.33	468.99	6.1723	0.75660	1.0731	443.93	0.051983	24.749	0.036448	supercritical
454.13	40.000	29.221	0.034222	332.88	469.76	6.1740	0.75668	1.0731	444.27	0.051604	24.776	0.036489	supercritical
454.85	40.000	29.174	0.034277	333.42	470.53	6.1757	0.75675	1.0731	444.61	0.051226	24.802	0.036529	supercritical
455.57	40.000	29.128	0.034331	333.97	471.30	6.1774	0.75683	1.0731	444.95	0.050849	24.829	0.036570	supercritical
456.28	40.000	29.081	0.034386	334.52	472.07	6.1791	0.75691	1.0731	445.28	0.050474	24.856	0.036610	supercritical
457.00	40.000	29.035	0.034441	335.07	472.84	6.1808	0.75698	1.0731	445.62	0.050099	24.883	0.036651	supercritical
457.72	40.000	28.989	0.034496	335.62	473.61	6.1824	0.75706	1.0731	445.96	0.049727	24.909	0.036691	supercritical
458.43	40.000	28.943	0.034551	336.17	474.38	6.1841	0.75714	1.0731	446.29	0.049355	24.936	0.036732	supercritical
459.15	40.000	28.897	0.034606	336.72	475.15	6.1858	0.75722	1.0732	446.63	0.048985	24.963	0.036772	supercritical
459.87	40.000	28.851	0.034661	337.27	475.91	6.1875	0.75730	1.0732	446.97	0.048616	24.989	0.036812	supercritical
460.58	40.000	28.806	0.034715	337.82	476.68	6.1891	0.75738	1.0732	447.30	0.048249	25.016	0.036853	supercritical
461.30	40.000	28.760	0.034770	338.37	477.45	6.1908	0.75746	1.0732	447.64	0.047883	25.043	0.036893	supercritical
462.02	40.000	28.715	0.034825	338.92	478.22	6.1925	0.75754	1.0732	447.97	0.047518	25.069	0.036934	supercritical
462.73	40.000	28.670	0.034880	339.47	478.99	6.1941	0.75762	1.0732	448.31	0.047155	25.096	0.036974	supercritical
463.45	40.000	28.625	0.034935	340.02	479.76	6.1958	0.75770	1.0732	448.64	0.046792	25.122	0.037015	supercritical
464.17	40.000	28.580	0.034989	340.57	480.53	6.1975	0.75778	1.0732	448.97	0.046431	25.149	0.037055	supercritical
464.88	40.000	28.535	0.035044	341.12	481.30	6.1991	0.75787	1.0732	449.31	0.046072	25.176	0.037095	supercritical
465.60	40.000	28.491	0.035099	341.67	482.07	6.2008	0.75795	1.0732	449.64	0.045713	25.202	0.037136	supercritical
466.32	40.000	28.446	0.035154	342.22	482.84	6.2024	0.75803	1.0733	449.97	0.045356	25.229	0.037176	supercritical
467.03	40.000	28.402	0.035209	342.77	483.61	6.2041	0.75812	1.0733	450.30	0.045000	25.255	0.037217	supercritical
467.75	40.000	28.358	0.035263	343.32	484.38	6.2057	0.75820	1.0733	450.64	0.044646	25.282	0.037257	supercritical
468.47	40.000	28.314	0.035318	343.87	485.14	6.2074	0.75829	1.0733	450.97	0.044292	25.308	0.037297	supercritical
469.18	40.000	28.270	0.035373	344.42	485.91	6.2090	0.75837	1.0733	451.30	0.043940	25.335	0.037338	supercritical
469.90	40.000	28.227	0.035428	344.97	486.68	6.2106	0.75846	1.0733	451.63	0.043589	25.361	0.037378	supercritical
470.62	40.000	28.183	0.035482	345.52	487.45	6.2123	0.75854	1.0734	451.96	0.043239	25.387	0.037418	supercritical
471.33	40.000	28.140	0.035537	346.07	488.22	6.2139	0.75863	1.0734	452.29	0.042891	25.414	0.037459	supercritical
472.05	40.000	28.096	0.035592	346.62	488.99	6.2155	0.75872	1.0734	452.62	0.042544	25.440	0.037499	supercritical
472.77	40.000	28.053	0.035647	347.17	489.76	6.2172	0.75881	1.0734	452.95	0.042198	25.467	0.037540	supercritical
473.48	40.000	28.010	0.035701	347.72	490.53	6.2188	0.75889	1.0734	453.28	0.041853	25.493	0.037580	supercritical
474.20	40.000	27.967	0.035756	348.27	491.30	6.2204	0.75898	1.0735	453.61	0.041509	25.519	0.037620	supercritical
474.92	40.000	27.925	0.035811	348.83	492.07	6.2220	0.75907	1.0735	453.94	0.041167	25.546	0.037661	supercritical
475.63	40.000	27.882	0.035865	349.38	492.84	6.2237	0.75916	1.0735	454.26	0.040825	25.572	0.037701	supercritical
476.35	40.000	27.840	0.035920	349.93	493.61	6.2253	0.75925	1.0735	454.59	0.040485	25.598	0.037741	supercritical
477.07	40.000	27.797	0.035975	350.48	494.38	6.2269	0.75934	1.0736	454.92	0.040146	25.625	0.037782	supercritical
477.78	40.000	27.755	0.036029	351.03	495.15	6.2285	0.75943	1.0736	455.25	0.039809	25.651	0.037822	supercritical
478.50	40.000	27.713	0.036084	351.58	495.91	6.2301	0.75952	1.0736	455.57	0.039472	25.677	0.037862	supercritical
479.22	40.000	27.671	0.036139	352.13	496.68	6.2317	0.75962	1.0737	455.90	0.039137	25.703	0.037903	supercritical
479.93	40.000	27.629	0.036193	352.68	497.45	6.2333	0.75971	1.0737	456.23	0.038803	25.729	0.037943	supercritical
480.65	40.000	27.588	0.036248	353.23	498.22	6.2349	0.75980	1.0737	456.55	0.038469	25.756	0.037983	supercritical
481.37	40.000	27.546	0.036303	353.78	498.99	6.2365	0.75989	1.0737	456.88	0.038138	25.782	0.038024	supercritical
482.08	40.000	27.505	0.036357	354.33	499.76	6.2381	0.75999	1.0738	457.20	0.037807	25.808	0.038064	supercritical
482.80	40.000	27.463	0.036412	354.88	500.53	6.2397	0.76008	1.0738	457.53	0.037477	25.834	0.038104	supercritical
483.52	40.000	27.422	0.036467	355.43	501.30	6.2413	0.76017	1.0738	457.85	0.037148	25.860	0.038145	supercritical
484.23	40.000	27.381	0.036521	355.99	502.07	6.2429	0.76027	1.0739	458.18	0.036821	25.886	0.038185	supercritical
484.95	40.000	27.340	0.036576	356.54	502.84	6.2445	0.76036	1.0739	458.50	0.036495	25.913	0.038225	supercritical
485.67	40.000	27.300	0.036631	357.09	503.61	6.2461	0.76046	1.0739	458.82	0.036170	25.939	0.038265	supercritical
486.38	40.000	27.259	0.036685	357.64	504.38	6.2476	0.76056	1.0740	459.15	0.035846	25.965	0.038306	supercritical
487.10	40.000	27.218	0.036740	358.19	505.15	6.2492	0.76065	1.0740	459.47	0.035523	25.991	0.038346	supercritical
487.82	40.000	27.178	0.036795	358.74	505.92	6.2508	0.76075	1.0741	459.79	0.035201	26.017	0.038386	supercritical
488.53	40.000	27.138	0.036849	359.29	506.69	6.2524	0.76085	1.0741	460.12	0.034880	26.043	0.038427	supercritical
489.25	40.000	27.098	0.036904	359.84	507.46	6.2540	0.76095	1.0741	460.44	0.034560	26.069	0.038467	supercritical
489.97	40.000	27.058	0.036958	360.40	508.23	6.2555	0.76104	1.0742	460.76	0.034242	26.095	0.038507	supercritical
490.68	40.000	27.018	0.037013	360.95	509.00	6.2571	0.76114	1.0742	461.08	0.033924	26.121	0.038547	supercritical
491.40	40.000	26.978	0.037068	361.50	509.77	6.2587	0.76124	1.0743	461.40	0.033608	26.147	0.038588	supercritical
492.12	40.000	26.938	0.037122	362.05	510.54	6.2602	0.76134	1.0743	461.72	0.033292	26.173	0.038628	supercritical
492.83	40.000	26.899	0.037177	362.60	511.31	6.2618	0.76144	1.0743	462.04	0.032978	26.199	0.038668	supercritical
493.55	40.000	26.859	0.037231	363.15	512.08	6.2634	0.76154	1.0744	462.36	0.032665	26.225	0.038709	supercritical
494.27	40.000	26.820	0.037286	363.70	512.85	6.2649	0.76164	1.0744	462.68	0.032353	26.250	0.038749	supercritical
494.98	40.000	26.781	0.037340	364.26	513.62	6.2665	0.76174	1.0745	463.00	0.032041	26.276	0.038789	supercritical
495.70	40.000	26.742	0.037395	364.81	514.39	6.2680	0.76184	1.0745	463.32	0.031731	26.302	0.038829	supercritical
496.42	40.000	26.703	0.037449	365.36	515.16	6.2696	0.76195	1.0746	463.64	0.031422	26.328	0.038870	supercritical
497.13	40.000	26.664	0.037504	365.91	515.93	6.2711	0.76205	1.0746	463.96	0.031114	26.354	0.038910	supercritical
497.85	40.000	26.625	0.037559	366.46	516.70	6.2727	0.76215	1.0747	464.28	0.030807	26.380	0.038950	supercritical
498.57	40.000	26.586	0.037613	367.02	517.47	6.2742	0.76226	1.0747	464.59	0.030501	26.405	0.038990	supercritical
499.28	40.000	26.548	0.037668	367.57	518.24	6.2758	0.76236	1.0748	464.91	0.030196	26.431	0.039031	supercritical
500.00	40.000	26.510	0.037722	368.12	519.01	6.2773	0.76246	1.0748	465.23	0.029893	26.457	0.039071	supercritical
